$definitions
                                        Label Fleet1 Fleet2 Fleet3 Fleet4
77                                 fleet_ID#:      1      2      3      4
78                               fleet_names: F1_LL1 F2_LL2 F3_LL3 F4_LL4
79                                fleet_area:      1      1      1      1
80                  Catch_units(1=bio;2=num):      1      1      1      1
81          Catch_error(-1_for_bycatch_only):    0.1    0.1    0.1    0.1
82             Survey_units(0=num;1=bio;2=F):      1      1      1      1
83 Survey_error(-1=normal;0=lognorm;>0=df_T):      0      0      0      0
   Fleet5 Fleet6 Fleet7    Fleet8    Fleet9    Fleet10    Fleet11 Fleet12
77      5      6      7         8         9         10         11      12
78 F5_DN3 F6_DN4 F7_PS1 F8_Other1 F9_Other2 F10_Other3 F11_Other4 LLCPUE1
79      1      1      1         1         1          1          1       1
80      1      1      1         1         1          1          1    <NA>
81    0.1    0.1    0.1       0.1       0.1        0.1        0.1    <NA>
82      1      1      1         1         1          1          1       0
83      0      0      0         0         0          0          0       0
   Fleet13 Fleet14 Fleet15 Fleet16
77      13      14      15      16
78 LLCPUE2 LLCPUE3 LLCPUE4 DNCPUE4
79       1       1       1       1
80    <NA>    <NA>    <NA>    <NA>
81    <NA>    <NA>    <NA>    <NA>
82       0       0       0       1
83       0       0       0       0

$fleet_ID
 [1]  1  2  3  4  5  6  7  8  9 10 11 12 13 14 15 16

$fleet_area
 [1] 1 1 1 1 1 1 1 1 1 1 1 1 1 1 1 1

$catch_units
 [1]  1  1  1  1  1  1  1  1  1  1  1 NA NA NA NA NA

$catch_error
 [1] 0.1 0.1 0.1 0.1 0.1 0.1 0.1 0.1 0.1 0.1 0.1  NA  NA  NA  NA  NA

$survey_units
 [1] 1 1 1 1 1 1 1 1 1 1 1 0 0 0 0 1

$survey_error
 [1] 0 0 0 0 0 0 0 0 0 0 0 0 0 0 0 0

$IsFishFleet
 [1]  TRUE  TRUE  TRUE  TRUE  TRUE  TRUE  TRUE  TRUE  TRUE  TRUE  TRUE FALSE
[13] FALSE FALSE FALSE FALSE

$nfishfleets
[1] 11

$nfleets
[1] 16

$nsexes
[1] 2

$ngpatterns
[1] 1

$lbins
 [1]  30  32  34  36  38  40  42  44  46  48  50  52  54  56  58  60  62  64  66
[20]  68  70  72  74  76  78  80  82  84  86  88  90  92  94  96  98 100 102 104
[39] 106 108 110 112 114 116 118 120 122 124 126 128 130 132 134 136 138

$Lbin_method
[1] 1

$nlbins
[1] 55

$lbinspop
 [1]  10  12  14  16  18  20  22  24  26  28  30  32  34  36  38  40  42  44  46
[20]  48  50  52  54  56  58  60  62  64  66  68  70  72  74  76  78  80  82  84
[39]  86  88  90  92  94  96  98 100 102 104 106 108 110 112 114 116 118 120 122
[58] 124 126 128 130 132 134 136 138 140

$nlbinspop
[1] 66

$sizebinlist
[1] NA

$agebins
[1] NA

$nagebins
[1] 1

$accuage
[1] 14

$nareas
[1] 1

$startyr
[1] 1950

$endyr
[1] 2014

$nseasons
[1] 4

$seasfracs
[1] 0.125 0.375 0.625 0.875

$seasdurations
[1] 0.25 0.25 0.25 0.25

$nforecastyears
[1] NA

$morph_indexing
     Index Gpattern Gender Bseas Sub_Morph Sub_Morph_Dist Gpattern_Gender
1345     1        1      1     1         1              1               1
1346     2        1      1     2         1              1               1
1347     3        1      1     3         1              1               1
1348     4        1      1     4         1              1               1
1349     5        1      2     1         1              1               2
1350     6        1      2     2         1              1               2
1351     7        1      2     3         1              1               2
1352     8        1      2     4         1              1               2
     Gpattern_Gender_Bseas BirthAge_Rel_Jan1
1345                     1              0.00
1346                     2              0.25
1347                     3              0.50
1348                     4              0.75
1349                     5              0.00
1350                     6              0.25
1351                     7              0.50
1352                     8              0.75

$MGparmAdj
     Year L_at_Amin_Fem_GP_1 L_at_Amax_Fem_GP_1 VonBert_K_Fem_GP_1
984  1950              45.44                114              0.253
985  1951              45.44                114              0.253
986  1952              45.44                114              0.253
987  1953              45.44                114              0.253
988  1954              45.44                114              0.253
989  1955              45.44                114              0.253
990  1956              45.44                114              0.253
991  1957              45.44                114              0.253
992  1958              45.44                114              0.253
     CV_young_Fem_GP_1 CV_old_Fem_GP_1 L_at_Amin_Mal_GP_1 L_at_Amax_Mal_GP_1
984                0.1             0.1            0.07927            0.09663
985                0.1             0.1            0.07927            0.09663
986                0.1             0.1            0.07927            0.09663
987                0.1             0.1            0.07927            0.09663
988                0.1             0.1            0.07927            0.09663
989                0.1             0.1            0.07927            0.09663
990                0.1             0.1            0.07927            0.09663
991                0.1             0.1            0.07927            0.09663
992                0.1             0.1            0.07927            0.09663
     VonBert_K_Mal_GP_1 CV_young_Mal_GP_1 CV_old_Mal_GP_1 Wtlen_1_Fem
984             -0.2956                 0               0   1.372e-05
985             -0.2956                 0               0   1.372e-05
986             -0.2956                 0               0   1.372e-05
987             -0.2956                 0               0   1.372e-05
988             -0.2956                 0               0   1.372e-05
989             -0.2956                 0               0   1.372e-05
990             -0.2956                 0               0   1.372e-05
991             -0.2956                 0               0   1.372e-05
992             -0.2956                 0               0   1.372e-05
     Wtlen_2_Fem Mat50%_Fem Mat_slope_Fem Eggs/kg_inter_Fem
984        3.097          5        -3.746                 1
985        3.097          5        -3.746                 1
986        3.097          5        -3.746                 1
987        3.097          5        -3.746                 1
988        3.097          5        -3.746                 1
989        3.097          5        -3.746                 1
990        3.097          5        -3.746                 1
991        3.097          5        -3.746                 1
992        3.097          5        -3.746                 1
     Eggs/kg_slope_wt_Fem Wtlen_1_Mal Wtlen_2_Mal RecrDist_GP_1 RecrDist_Area_1
984                     0   1.372e-05       3.097             0               0
985                     0   1.372e-05       3.097             0               0
986                     0   1.372e-05       3.097             0               0
987                     0   1.372e-05       3.097             0               0
988                     0   1.372e-05       3.097             0               0
989                     0   1.372e-05       3.097             0               0
990                     0   1.372e-05       3.097             0               0
991                     0   1.372e-05       3.097             0               0
992                     0   1.372e-05       3.097             0               0
     RecrDist_Seas_1 RecrDist_Seas_2 RecrDist_Seas_3 RecrDist_Seas_4
984               -9              -9              -9               7
985               -9              -9              -9               7
986               -9              -9              -9               7
987               -9              -9              -9               7
988               -9              -9              -9               7
989               -9              -9              -9               7
990               -9              -9              -9               7
991               -9              -9              -9               7
992               -9              -9              -9               7
     CohortGrowDev
984              1
985              1
986              1
987              1
988              1
989              1
990              1
991              1
992              1
 [ reached getOption("max.print") -- omitted 56 rows ]

$SelSizeAdj
     FleetSvy   Yr   Par1   Par2  Par3  Par4 Par5     Par6
1051        1 1950  92.40  -2.61 5.805 1.647 -999    5.000
1052        1 1951  92.40  -2.61 5.805 1.647 -999    5.000
1053        1 1952  92.40  -2.61 5.805 1.647 -999    5.000
1054        1 1953  92.40  -2.61 5.805 1.647 -999    5.000
1055        1 1954  92.40  -2.61 5.805 1.647 -999    5.000
1056        1 1955  92.40  -2.61 5.805 1.647 -999    5.000
1057        1 1956  92.40  -2.61 5.805 1.647 -999    5.000
1058        1 1957  92.40  -2.61 5.805 1.647 -999    5.000
1059        1 1958  92.40  -2.61 5.805 1.647 -999    5.000
1060        1 1959  92.40  -2.61 5.805 1.647 -999    5.000
1061        1 1960  92.40  -2.61 5.805 1.647 -999    5.000
1062        1 1961  92.40  -2.61 5.805 1.647 -999    5.000
1063        1 1962  92.40  -2.61 5.805 1.647 -999    5.000
1064        1 1963  92.40  -2.61 5.805 1.647 -999    5.000
1065        1 1964  92.40  -2.61 5.805 1.647 -999    5.000
1066        1 1965  92.40  -2.61 5.805 1.647 -999    5.000
1067        1 1966  92.40  -2.61 5.805 1.647 -999    5.000
1068        1 1967  92.40  -2.61 5.805 1.647 -999    5.000
1069        1 1968  92.40  -2.61 5.805 1.647 -999    5.000
1070        1 1969  92.40  -2.61 5.805 1.647 -999    5.000
1071        1 1970  92.40  -2.61 5.805 1.647 -999    5.000
1072        1 1971  92.40  -2.61 5.805 1.647 -999    5.000
1073        1 1972  92.40  -2.61 5.805 1.647 -999    5.000
1074        1 1973  92.40  -2.61 5.805 1.647 -999    5.000
1075        1 1974  92.40  -2.61 5.805 1.647 -999    5.000
1076        1 1975  92.40  -2.61 5.805 1.647 -999    5.000
1077        1 1976  92.40  -2.61 5.805 1.647 -999    5.000
1078        1 1977  92.40  -2.61 5.805 1.647 -999    5.000
1079        1 1978  92.40  -2.61 5.805 1.647 -999    5.000
1080        1 1979  92.40  -2.61 5.805 1.647 -999    5.000
1081        1 1980  89.57  -2.61 5.805 1.647 -999    5.000
 [ reached getOption("max.print") -- omitted 229 rows ]

$SelAgeAdj
[1] NA

$recruitment_dist
$recruitment_dist$recruit_dist_endyr
     G_pattern Gender Seas Area     Value Used?
1315         1      1    1    1 5.627e-08     1
1316         1      1    2    1 5.627e-08     1
1317         1      1    3    1 5.627e-08     1
1318         1      1    4    1 5.000e-01     1
1319         1      2    1    1 5.627e-08     1
1320         1      2    2    1 5.627e-08     1
1321         1      2    3    1 5.627e-08     1
1322         1      2    4    1 5.000e-01     1

$recruitment_dist$recruit_dist_benchmarks
     G_pattern Gender Seas Area     Value Used?
1325         1      1    1    1 5.627e-08     1
1326         1      1    2    1 5.627e-08     1
1327         1      1    3    1 5.627e-08     1
1328         1      1    4    1 5.000e-01     1
1329         1      2    1    1 5.627e-08     1
1330         1      2    2    1 5.627e-08     1
1331         1      2    3    1 5.627e-08     1
1332         1      2    4    1 5.000e-01     1

$recruitment_dist$recruit_dist_forecast
     G_pattern Gender Seas Area Value Used?
1335         1      1    1    1     0     1
1336         1      1    2    1     0     1
1337         1      1    3    1     0     1
1338         1      1    4    1     0     1
1339         1      2    1    1     0     1
1340         1      2    2    1     0     1
1341         1      2    3    1     0     1
1342         1      2    4    1     0     1


$recruit
     year spawn_bio exp_recr with_env adjusted pred_recr      dev biasadj   era
4912 1950    146374    18399    18399    18399     18399       NA      NA Fixed
4913 1951    146372    18399    18399    18399     18399       NA      NA Fixed
4914 1952    146369    18399    18399    18399     18399       NA      NA Fixed
4915 1953    146067    18396    18396    18396     18396       NA      NA Fixed
4916 1954    145249    18390    18390    18390     18390       NA      NA Fixed
4917 1955    144363    18383    18383    18383     18383       NA      NA Fixed
4918 1956    142720    18369    18369    18369     18369       NA      NA Fixed
4919 1957    141557    18360    18360    18360     18360       NA      NA Fixed
4920 1958    140652    18352    18352    18352     18352       NA      NA Fixed
4921 1959    138327    18332    18332    18332     18332       NA      NA Fixed
4922 1960    134958    18302    18302    18302     18302       NA      NA Fixed
4923 1961    132970    18283    18283    18283     18283       NA      NA Fixed
4924 1962    127341    18228    18228    18228     18228       NA      NA Fixed
4925 1963    124953    18204    18204    18204     18204       NA      NA Fixed
4926 1964    122015    18172    18172    18172     18172       NA      NA Fixed
4927 1965    119794    18147    18147    18147     18147       NA      NA Fixed
4928 1966    118444    18131    18131    18131     18131       NA      NA Fixed
4929 1967    115374    18095    18095    18095     18095       NA      NA Fixed
4930 1968    112872    18064    18064    18064     18064       NA      NA Fixed
4931 1969    110854    18037    18037    18037     18037       NA      NA Fixed
4932 1970    110168    18028    18028    18028     18028       NA      NA Fixed
4933 1971    110003    18026    18026    18026     18026       NA      NA Fixed
4934 1972    110850    18037    18037    18037     18037       NA      NA Fixed
4935 1973    109507    18020    18020    18020     18020       NA      NA Fixed
4936 1974    106260    17974    17974    17974     17974       NA      NA Fixed
4937 1975    104886    17955    17955    17955     10434 -0.54276     0.0  Main
4938 1976    106145    17973    17973    17973     17207 -0.04357     0.0  Main
 [ reached getOption("max.print") -- omitted 38 rows ]

$breakpoints_for_bias_adjustment_ramp
  last_yr_early first_yr_full last_yr_full first_yr_recent max_bias_adj
1          1980          1980         2011            2012          0.9

$biology
      GP Bin Low Mean_Size Wt_len_F Mat_len    Spawn Wt_len_M Fecundity
92091  1   1  10        11  0.02306       1  0.02306  0.02306   0.02306
92092  1   2  12        13  0.03868       1  0.03868  0.03868   0.03868
92093  1   3  14        15  0.06026       1  0.06026  0.06026   0.06026
92094  1   4  16        17  0.08879       1  0.08879  0.08879   0.08879
92095  1   5  18        19  0.12531       1  0.12531  0.12531   0.12531
92096  1   6  20        21  0.17084       1  0.17084  0.17084   0.17084
92097  1   7  22        23  0.22645       1  0.22645  0.22645   0.22645
92098  1   8  24        25  0.29318       1  0.29318  0.29318   0.29318
92099  1   9  26        27  0.37210       1  0.37210  0.37210   0.37210
92100  1  10  28        29  0.46428       1  0.46428  0.46428   0.46428
92101  1  11  30        31  0.57080       1  0.57080  0.57080   0.57080
92102  1  12  32        33  0.69276       1  0.69276  0.69276   0.69276
92103  1  13  34        35  0.83125       1  0.83125  0.83125   0.83125
92104  1  14  36        37  0.98738       1  0.98738  0.98738   0.98738
92105  1  15  38        39  1.16224       1  1.16224  1.16224   1.16224
92106  1  16  40        41  1.35696       1  1.35696  1.35696   1.35696
92107  1  17  42        43  1.57265       1  1.57265  1.57265   1.57265
92108  1  18  44        45  1.81045       1  1.81045  1.81045   1.81045
92109  1  19  46        47  2.07147       1  2.07147  2.07147   2.07147
92110  1  20  48        49  2.35687       1  2.35687  2.35687   2.35687
92111  1  21  50        51  2.66777       1  2.66777  2.66777   2.66777
92112  1  22  52        53  3.00532       1  3.00532  3.00532   3.00532
92113  1  23  54        55  3.37067       1  3.37067  3.37067   3.37067
92114  1  24  56        57  3.76497       1  3.76497  3.76497   3.76497
92115  1  25  58        59  4.18939       1  4.18939  4.18939   4.18939
92116  1  26  60        61  4.64508       1  4.64508  4.64508   4.64508
92117  1  27  62        63  5.13320       1  5.13320  5.13320   5.13320
 [ reached getOption("max.print") -- omitted 39 rows ]

$FecType
[1] 1

$FecPar1name
[1] "Eggs/kg_inter_Fem"

$FecPar2name
[1] "Eggs/kg_slope_wt_Fem"

$FecPar1
[1] 1

$FecPar2
[1] 0

$SpawnOutputUnits
[1] "biomass"

$Growth_Parameters
      Count   Yr Gender Platoon A1  A2 L_a_A1 L_a_A2      K A_a_L0  Linf CVmin
92193     1 1950      1       1  1 999  45.44  114.0 0.2530 -1.010 114.0   0.1
92194     2 1950      1       2  1 999  45.44  114.0 0.2530 -0.760 114.0   0.1
92195     3 1950      1       3  1 999  45.44  114.0 0.2530 -0.510 114.0   0.1
92196     4 1950      1       4  1 999  45.44  114.0 0.2530 -0.260 114.0   0.1
92197     5 1950      2       5  1 999  49.19  125.6 0.1883 -1.641 125.6   0.1
92198     6 1950      2       6  1 999  49.19  125.6 0.1883 -1.391 125.6   0.1
92199     7 1950      2       7  1 999  49.19  125.6 0.1883 -1.141 125.6   0.1
92200     8 1950      2       8  1 999  49.19  125.6 0.1883 -0.891 125.6   0.1
      CVmax natM_amin natM_max M_age0 M_nages    WtLen1 WtLen2 Mat1   Mat2 Fec1
92193   0.1         0        0    0.3     0.3 1.372e-05  3.097    5 -3.746    1
92194   0.1         0        0    0.3     0.3 1.372e-05  3.097    5 -3.746    1
92195   0.1         0        0    0.3     0.3 1.372e-05  3.097    5 -3.746    1
92196   0.1         0        0    0.3     0.3 1.372e-05  3.097    5 -3.746    1
92197   0.1         0        0    0.3     0.3 1.372e-05  3.097    0  0.000    0
92198   0.1         0        0    0.3     0.3 1.372e-05  3.097    0  0.000    0
92199   0.1         0        0    0.3     0.3 1.372e-05  3.097    0  0.000    0
92200   0.1         0        0    0.3     0.3 1.372e-05  3.097    0  0.000    0
      Fec2
92193    0
92194    0
92195    0
92196    0
92197    0
92198    0
92199    0
92200    0

$Seas_Effects
[1] NA

$growthCVtype
[1] "CV=f(LAA)"

$endgrowth
      Seas Morph Bio_Pattern Gender BirthSeas SubMorph Age Age_Beg Age_Mid   M
92204    1     1           1      1         1        1   0    0.00   0.125 0.3
92205    1     1           1      1         1        1   1    1.00   1.125 0.3
92206    1     1           1      1         1        1   2    2.00   2.125 0.3
      Len_Beg Len_Mid SD_Beg SD_Mid   Wt_Beg   Wt_Mid Len_Mat    Age_Mat
92204   10.00   14.43  1.000  1.443  0.02341  0.05547       1  0.000e+00
92205   45.44   47.58  4.544  4.758  1.92781  2.22218       1  0.000e+00
92206   60.77   62.42  6.077  6.242  4.74095  5.15288       1  2.445e-15
      Mat*Fecund Mat_Bio Mat_Numbers Len:_1 SelWt:_1 RetWt:_1 Len:_2 SelWt:_2
92204      0.000   0.000     0.00000  14.76  0.05935  0.05935  14.76  0.05935
92205      0.000   0.000     0.00000  53.69  3.19868  3.19868  53.69  3.19868
92206      0.000   0.000     0.00000  69.20  7.01421  7.01421  69.20  7.01421
      RetWt:_2 Len:_3 SelWt:_3 RetWt:_3 Len:_4 SelWt:_4 RetWt:_4 Len:_5
92204  0.05935  14.76  0.05935  0.05935  14.76  0.05935  0.05935  14.76
92205  3.19868  50.87  2.71606  2.71606  50.87  2.71606  2.71606  54.99
92206  7.01421  65.54  5.94819  5.94819  65.54  5.94819  5.94819  63.15
      SelWt:_5 RetWt:_5 Len:_6 SelWt:_6 RetWt:_6 Len:_7 SelWt:_7 RetWt:_7
92204  0.05935  0.05935  14.76  0.05935  0.05935  14.76  0.05935  0.05935
92205  3.39770  3.39770  54.99  3.39770  3.39770  52.37  3.19535  3.19535
92206  5.27406  5.27406  63.15  5.27406  5.27406  80.21 10.95370 10.95370
      Len:_8 SelWt:_8 RetWt:_8 Len:_9 SelWt:_9 RetWt:_9 Len:_10 SelWt:_10
92204  14.76  0.05935  0.05935  14.76  0.05935  0.05935   14.76   0.05935
92205  54.99  3.39770  3.39770  54.99  3.39770  3.39770   54.99   3.39770
92206  63.15  5.27406  5.27406  63.15  5.27406  5.27406   63.15   5.27406
      RetWt:_10 Len:_11 SelWt:_11 RetWt:_11 Len:_12 SelWt:_12 RetWt:_12 Len:_13
92204   0.05935   14.76   0.05935   0.05935   14.76   0.05935   0.05935   14.76
92205   3.39770   54.99   3.39770   3.39770   53.69   3.19868   3.19868   53.69
92206   5.27406   63.15   5.27406   5.27406   69.20   7.01421   7.01421   69.20
      SelWt:_13 RetWt:_13 Len:_14 SelWt:_14 RetWt:_14 Len:_15 SelWt:_15
92204   0.05935   0.05935   14.76   0.05935   0.05935   14.76   0.05935
92205   3.19868   3.19868   50.87   2.71606   2.71606   50.87   2.71606
92206   7.01421   7.01421   65.54   5.94819   5.94819   65.54   5.94819
      RetWt:_15 Len:_16 SelWt:_16 RetWt:_16
92204   0.05935   14.76   0.05935   0.05935
92205   2.71606   54.99   3.39770   3.39770
92206   5.94819   63.15   5.27406   5.27406
 [ reached getOption("max.print") -- omitted 477 rows ]

$wtatage_switch
[1] FALSE

$mean_body_wt
      Morph   Yr Seas       0      1     2      3      4     5     6     7
92686     1 1947    1 0.02341 1.9278 4.741  8.249 11.950 15.50 18.70 21.48
92687     1 1947    2 0.12684 2.5351 5.574  9.172 12.861 16.34 19.44 22.10
92688     1 1947    3 0.41745 3.2122 6.442 10.101 13.758 17.15 20.14 22.70
92689     1 1947    4 0.98498 3.9505 7.336 11.028 14.638 17.94 20.82 23.27
92690     1 1950    1 0.02341 1.9278 4.741  8.249 11.950 15.50 18.70 21.48
92691     1 1950    2 0.12684 2.5351 5.574  9.172 12.861 16.34 19.44 22.10
92692     1 1950    3 0.41745 3.2122 6.442 10.101 13.758 17.15 20.14 22.70
92693     1 1950    4 0.98498 3.9505 7.336 11.028 14.638 17.94 20.82 23.27
92694     2 1947    1 0.02341 0.9850 3.951  7.336 11.028 14.64 17.94 20.82
92695     2 1947    2 0.02341 1.9278 4.741  8.249 11.950 15.50 18.70 21.48
92696     2 1947    3 0.12684 2.5351 5.574  9.172 12.861 16.34 19.44 22.10
92697     2 1947    4 0.41745 3.2122 6.442 10.101 13.758 17.15 20.14 22.70
92698     2 1950    1 0.02341 0.9850 3.951  7.336 11.028 14.64 17.94 20.82
          8     9    10    11    12    13    14
92686 23.82 25.74 27.31 28.57 29.58 30.37 31.58
92687 24.33 26.17 27.65 28.84 29.79 30.54 31.68
92688 24.83 26.57 27.98 29.10 30.00 30.70 31.77
92689 25.30 26.95 28.28 29.35 30.19 30.85 31.86
92690 23.82 25.74 27.31 28.57 29.58 30.37 31.58
92691 24.33 26.17 27.65 28.84 29.79 30.54 31.68
92692 24.83 26.57 27.98 29.10 30.00 30.70 31.77
92693 25.30 26.95 28.28 29.35 30.19 30.85 31.86
92694 23.27 25.30 26.95 28.28 29.35 30.19 31.47
92695 23.82 25.74 27.31 28.57 29.58 30.37 31.58
92696 24.33 26.17 27.65 28.84 29.79 30.54 31.68
92697 24.83 26.57 27.98 29.10 30.00 30.70 31.77
92698 23.27 25.30 26.95 28.28 29.35 30.19 31.47
 [ reached getOption("max.print") -- omitted 51 rows ]

$growthseries
      Morph   Yr Seas Beg/Mid     0     1     2     3     4     5     6      7
92761     1 1950    1       1 14.43 47.58 62.42 73.95 82.91 89.86 95.25  99.44
92777     2 1950    1       1 10.00 41.01 59.06 71.34 80.87 88.28 94.03  98.49
92793     3 1950    1       1 10.00 32.15 55.47 68.55 78.71 86.60 92.72  97.48
92809     4 1950    1       1 10.00 23.29 51.65 65.59 76.41 84.81 91.34  96.40
92825     5 1950    1       1 14.90 50.97 63.77 74.37 83.16 90.44 96.46 101.46
92841     6 1950    1       1 10.00 44.29 60.79 71.91 81.11 88.74 95.06 100.30
92857     7 1950    1       1 10.00 34.49 57.67 69.32 78.97 86.97 93.59  99.08
92873     8 1950    1       1 10.00 24.70 54.40 66.61 76.73 85.11 92.05  97.80
          8     9    10    11    12    13    14
92761 102.7 105.2 107.2 108.7 109.9 110.8 112.2
92777 102.0 104.7 106.7 108.4 109.6 110.6 112.1
92793 101.2 104.0 106.3 108.0 109.3 110.4 111.9
92809 100.3 103.4 105.8 107.6 109.0 110.1 111.8
92825 105.6 109.0 111.9 114.2 116.2 117.8 120.8
92841 104.6 108.2 111.2 113.7 115.7 117.4 120.6
92857 103.6 107.4 110.5 113.1 115.2 117.0 120.4
92873 102.6 106.5 109.8 112.5 114.7 116.6 120.1

$growthvaries
[1] FALSE

$sizeselex
     Factor Fleet year gender        label        11        13        15
6072   Lsel     1 1947      1  1947_1_Lsel 1.808e-07 2.525e-07 3.361e-07
6073   Lsel     1 1947      2  1947_1_Lsel 1.808e-07 2.525e-07 3.361e-07
6074   Lsel     1 1950      1  1950_1_Lsel 1.464e-06 2.045e-06 2.723e-06
            17        19        21        23        25        27        29
6072 4.317e-07 5.393e-07 6.588e-07 7.903e-07 9.337e-07 1.089e-06 1.256e-06
6073 4.317e-07 5.393e-07 6.588e-07 7.903e-07 9.337e-07 1.089e-06 1.256e-06
6074 3.498e-06 4.369e-06 5.337e-06 6.402e-06 7.564e-06 8.823e-06 1.018e-05
            31        33        35        37        39        41        43
6072 1.436e-06 3.171e-06 6.841e-06 1.441e-05 2.964e-05 5.950e-05 1.166e-04
6073 1.436e-06 3.171e-06 6.841e-06 1.441e-05 2.964e-05 5.950e-05 1.166e-04
6074 1.163e-05 2.409e-05 4.870e-05 9.611e-05 1.852e-04 3.483e-04 6.395e-04
            45        47        49        51        53        55        57
6072 2.231e-04 4.167e-04 7.597e-04 1.352e-03 2.349e-03 3.984e-03 6.595e-03
6073 2.231e-04 4.167e-04 7.597e-04 1.352e-03 2.349e-03 3.984e-03 6.595e-03
6074 1.146e-03 2.005e-03 3.425e-03 5.710e-03 9.292e-03 1.476e-02 2.289e-02
            59        61        63        65        67        69        71
6072 1.066e-02 1.681e-02 2.590e-02 3.893e-02 5.713e-02 8.184e-02 1.145e-01
6073 1.066e-02 1.681e-02 2.590e-02 3.893e-02 5.713e-02 8.184e-02 1.145e-01
6074 3.466e-02 5.122e-02 7.390e-02 1.041e-01 1.431e-01 1.920e-01 2.515e-01
            73       75       77       79      81      83      85       87
6072 0.1562420 0.208210 0.270852 0.343947 0.42636 0.51594 0.60946 0.702778
6073 0.1562420 0.208210 0.270852 0.343947 0.42636 0.51594 0.60946 0.702778
6074 0.3216510 0.401531 0.489309 0.582070 0.67592 0.76621 0.84786 0.915869
           89        91        93        95        97        99       101
6072 0.791083 0.8692690 0.9324280 0.9763500 9.980e-01 1.000e+00 1.000e+00
6073 0.791083 0.8692690 0.9324280 0.9763500 9.980e-01 1.000e+00 1.000e+00
6074 0.965761 0.9941110 0.9999990 1.0000000 1.000e+00 9.976e-01 9.939e-01
           103       105       107       109       111       113       115
6072 9.997e-01 9.954e-01 9.935e-01 9.933e-01 9.933e-01 9.933e-01 9.933e-01
6073 9.997e-01 9.954e-01 9.935e-01 9.933e-01 9.933e-01 9.933e-01 9.933e-01
6074 9.933e-01 9.933e-01 9.933e-01 9.933e-01 9.933e-01 9.933e-01 9.933e-01
           117       119       121       123       125       127       129
6072 9.933e-01 9.933e-01 9.933e-01 9.933e-01 9.933e-01 9.933e-01 9.933e-01
6073 9.933e-01 9.933e-01 9.933e-01 9.933e-01 9.933e-01 9.933e-01 9.933e-01
6074 9.933e-01 9.933e-01 9.933e-01 9.933e-01 9.933e-01 9.933e-01 9.933e-01
           131       133       135       137       139       141
6072 9.933e-01 9.933e-01 9.933e-01 9.933e-01 9.933e-01 9.933e-01
6073 9.933e-01 9.933e-01 9.933e-01 9.933e-01 9.933e-01 9.933e-01
6074 9.933e-01 9.933e-01 9.933e-01 9.933e-01 9.933e-01 9.933e-01
 [ reached getOption("max.print") -- omitted 1143 rows ]

$ageselex
            factor fleet year seas gender morph                label       0
7289          Asel     1 1947    1      1     1           1947_1Asel 0.00000
7290          Asel     1 1947    1      2     1           1947_1Asel 0.00000
7291          Asel     1 1950    1      1     1           1950_1Asel 0.00000
7292          Asel     1 1950    1      2     1           1950_1Asel 0.00000
7293          Asel     1 2014    1      1     1           2014_1Asel 0.00000
7294          Asel     1 2014    1      2     1           2014_1Asel 0.00000
7297          Asel     2 1947    1      1     1           1947_2Asel 0.00000
7298          Asel     2 1947    1      2     1           1947_2Asel 0.00000
7299          Asel     2 1950    1      1     1           1950_2Asel 0.00000
7300          Asel     2 1950    1      2     1           1950_2Asel 0.00000
7301          Asel     2 2014    1      1     1           2014_2Asel 0.00000
              1         2         3        4        5        6         7
7289  1.000e+00 1.000e+00  1.000000  1.00000  1.00000  1.00000  1.000000
7290  1.000e+00 1.000e+00  1.000000  1.00000  1.00000  1.00000  1.000000
7291  1.000e+00 1.000e+00  1.000000  1.00000  1.00000  1.00000  1.000000
7292  1.000e+00 1.000e+00  1.000000  1.00000  1.00000  1.00000  1.000000
7293  1.000e+00 1.000e+00  1.000000  1.00000  1.00000  1.00000  1.000000
7294  1.000e+00 1.000e+00  1.000000  1.00000  1.00000  1.00000  1.000000
7297  1.000e+00 1.000e+00  1.000000  1.00000  1.00000  1.00000  1.000000
7298  1.000e+00 1.000e+00  1.000000  1.00000  1.00000  1.00000  1.000000
7299  1.000e+00 1.000e+00  1.000000  1.00000  1.00000  1.00000  1.000000
7300  1.000e+00 1.000e+00  1.000000  1.00000  1.00000  1.00000  1.000000
7301  1.000e+00 1.000e+00  1.000000  1.00000  1.00000  1.00000  1.000000
              8         9        10        11        12        13        14
7289   1.000000  1.000000 1.000e+00 1.000e+00 1.000e+00 1.000e+00 1.000e+00
7290   1.000000  1.000000 1.000e+00 1.000e+00 1.000e+00 1.000e+00 1.000e+00
7291   1.000000  1.000000 1.000e+00 1.000e+00 1.000e+00 1.000e+00 1.000e+00
7292   1.000000  1.000000 1.000e+00 1.000e+00 1.000e+00 1.000e+00 1.000e+00
7293   1.000000  1.000000 1.000e+00 1.000e+00 1.000e+00 1.000e+00 1.000e+00
7294   1.000000  1.000000 1.000e+00 1.000e+00 1.000e+00 1.000e+00 1.000e+00
7297   1.000000  1.000000 1.000e+00 1.000e+00 1.000e+00 1.000e+00 1.000e+00
7298   1.000000  1.000000 1.000e+00 1.000e+00 1.000e+00 1.000e+00 1.000e+00
7299   1.000000  1.000000 1.000e+00 1.000e+00 1.000e+00 1.000e+00 1.000e+00
7300   1.000000  1.000000 1.000e+00 1.000e+00 1.000e+00 1.000e+00 1.000e+00
7301   1.000000  1.000000 1.000e+00 1.000e+00 1.000e+00 1.000e+00 1.000e+00
 [ reached getOption("max.print") -- omitted 48915 rows ]

$timeseries
     Area   Yr  Era Seas Bio_all Bio_smry SpawnBio Recruit_0 Spbio_GP:1
4487    1 1948 VIRG    1  566567   566567       NA 2.070e-03         NA
4488    1 1948 VIRG    2  564845   564845       NA 2.070e-03         NA
     SmryBio_SX:1_GP:1 SmryBio_SX:2_GP:1 SmryNum_SX:1_GP:1 SmryNum_SX:2_GP:1
4487            272188            294379             32929             32929
4488            271527            293317             30550             30550
     sel(B):_1 dead(B):_1 retain(B):_1 sel(N):_1 dead(N):_1 retain(N):_1
4487         0          0            0    0.0000     0.0000       0.0000
4488         0          0            0    0.0000     0.0000       0.0000
     obs_cat:_1      F:_1 sel(B):_2 dead(B):_2 retain(B):_2 sel(N):_2
4487          0 0.0000000         0          0            0     0.000
4488          0 0.0000000         0          0            0     0.000
     dead(N):_2 retain(N):_2 obs_cat:_2      F:_2 sel(B):_3 dead(B):_3
4487      0.000        0.000          0 0.0000000         0          0
4488      0.000        0.000          0 0.0000000         0          0
     retain(B):_3 sel(N):_3 dead(N):_3 retain(N):_3 obs_cat:_3      F:_3
4487            0   0.00000    0.00000      0.00000          0 0.000e+00
4488            0   0.00000    0.00000      0.00000          0 0.000e+00
     sel(B):_4 dead(B):_4 retain(B):_4 sel(N):_4 dead(N):_4 retain(N):_4
4487         0          0            0    0.0000     0.0000       0.0000
4488         0          0            0    0.0000     0.0000       0.0000
     obs_cat:_4      F:_4 sel(B):_5 dead(B):_5 retain(B):_5 sel(N):_5
4487          0 0.000e+00         0          0            0      0.00
4488          0 0.000e+00         0          0            0      0.00
     dead(N):_5 retain(N):_5 obs_cat:_5     F:_5 sel(B):_6 dead(B):_6
4487       0.00         0.00          0 0.000000         0          0
4488       0.00         0.00          0 0.000000         0          0
     retain(B):_6 sel(N):_6 dead(N):_6 retain(N):_6 obs_cat:_6      F:_6
4487            0    0.0000     0.0000       0.0000          0 0.000e+00
4488            0    0.0000     0.0000       0.0000          0 0.000e+00
     sel(B):_7 dead(B):_7 retain(B):_7 sel(N):_7 dead(N):_7 retain(N):_7
4487         0          0            0   0.00000    0.00000      0.00000
4488         0          0            0   0.00000    0.00000      0.00000
     obs_cat:_7      F:_7 sel(B):_8 dead(B):_8 retain(B):_8 sel(N):_8
4487          0 0.000e+00         0          0            0    0.0000
4488          0 0.000e+00         0          0            0    0.0000
     dead(N):_8 retain(N):_8 obs_cat:_8      F:_8 sel(B):_9 dead(B):_9
4487     0.0000       0.0000          0 0.000e+00         0          0
4488     0.0000       0.0000          0 0.000e+00         0          0
     retain(B):_9 sel(N):_9 dead(N):_9 retain(N):_9 obs_cat:_9      F:_9
4487            0    0.0000     0.0000       0.0000          0 0.0000000
4488            0    0.0000     0.0000       0.0000          0 0.0000000
     sel(B):_10 dead(B):_10 retain(B):_10 sel(N):_10 dead(N):_10 retain(N):_10
4487          0           0             0     0.0000      0.0000        0.0000
4488          0           0             0     0.0000      0.0000        0.0000
     obs_cat:_10     F:_10 sel(B):_11 dead(B):_11 retain(B):_11 sel(N):_11
4487           0 0.000e+00          0           0             0     0.0000
4488           0 0.000e+00          0           0             0     0.0000
     dead(N):_11 retain(N):_11 obs_cat:_11     F:_11 SPB_vir_LH
4487      0.0000        0.0000           0 0.000e+00         NA
4488      0.0000        0.0000           0 0.000e+00         NA
 [ reached getOption("max.print") -- omitted 266 rows ]

$spawnseas
[1] 4

$birthseas
[1] 1 2 3 4

$mainmorphs
[1] 1 5

$F_method
[1] 3

$depletion_method
[1] 2

$depletion_basis
[1] 1

$discard
[1] NA

$discard_type
[1] NA

$DF_discard
[1] NA

$discard_spec
[1] Fleet   units   errtype
<0 rows> (or 0-length row.names)

$mnwgt
[1] NA

$DF_mnwgt
[1] NA

$Kobe_warn
[1] NA

$Kobe_MSY_basis
[1] NA

$Kobe
     Year B.Bmsy    F.Fmsy
4831 1950  4.876 1.661e-05
4832 1951  4.876 4.152e-05
4833 1952  4.876 6.473e-04
4834 1953  4.866 1.065e-02
4835 1954  4.839 2.767e-02
4836 1955  4.809 3.259e-02
4837 1956  4.755 5.501e-02
4838 1957  4.716 5.254e-02
4839 1958  4.686 7.268e-02
4840 1959  4.608 1.169e-01
4841 1960  4.496 1.217e-01
4842 1961  4.430 1.737e-01
4843 1962  4.242 1.949e-01
4844 1963  4.163 1.485e-01
4845 1964  4.065 2.099e-01
4846 1965  3.991 1.465e-01
4847 1966  3.946 1.726e-01
4848 1967  3.844 2.490e-01
4849 1968  3.760 2.144e-01
4850 1969  3.693 2.415e-01
4851 1970  3.670 1.739e-01
4852 1971  3.665 1.588e-01
4853 1972  3.693 1.503e-01
4854 1973  3.648 2.850e-01
4855 1974  3.540 3.708e-01
4856 1975  3.494 1.377e-01
4857 1976  3.536 1.801e-01
4858 1977  3.557 1.437e-01
4859 1978  3.578 2.279e-01
4860 1979  3.522 2.290e-01
4861 1980  3.386 1.688e-01
4862 1981  3.336 1.808e-01
4863 1982  3.352 3.178e-01
4864 1983  3.310 2.614e-01
4865 1984  3.209 2.425e-01
4866 1985  3.173 1.434e-01
4867 1986  3.140 2.083e-01
4868 1987  3.128 2.668e-01
4869 1988  3.197 2.865e-01
4870 1989  3.158 1.924e-01
4871 1990  2.960 2.309e-01
4872 1991  2.615 4.159e-01
4873 1992  2.349 4.083e-01
4874 1993  2.137 3.862e-01
4875 1994  1.925 4.953e-01
4876 1995  1.905 4.962e-01
4877 1996  1.812 6.232e-01
4878 1997  1.755 5.867e-01
4879 1998  1.655 7.902e-01
4880 1999  1.577 8.380e-01
4881 2000  1.494 9.234e-01
4882 2001  1.327 9.774e-01
4883 2002  1.215 8.285e-01
4884 2003  1.262 6.919e-01
4885 2004  1.320 6.907e-01
4886 2005  1.375 6.683e-01
4887 2006  1.415 6.688e-01
4888 2007  1.376 8.288e-01
4889 2008  1.376 7.506e-01
4890 2009  1.501 7.047e-01
4891 2010  1.589 8.492e-01
4892 2011  1.674 6.336e-01
4893 2012  1.747 6.049e-01
4894 2013  1.780 5.780e-01
4895 2014  1.801 7.765e-01

$sprseries
     Year Bio_all Bio_Smry SPBzero SPBfished SPBfished/R    SPR   SPR_std
4761 1950  566491   566491  146374    146351       7.954 0.9998 0.0002102
4762 1951  566376   566376  146374    146317       7.953 0.9996 0.0005255
4763 1952  566085   566085  146374    146212       7.947 0.9989 0.0014804
4764 1953  561643   561643  146374    144331       7.845 0.9860 0.0187254
4765 1954  554076   554076  146374    141139       7.671 0.9642 0.0479937
           Y/R GenTime Deplete     F_std Actual: Bio_all Bio_Smry Num_Smry
4761 0.0004348   8.736      NA 1.661e-05    <NA>  566567   566567    65858
4762 0.0010869   8.736   4.876 4.152e-05    <NA>  566557   566557    65857
4763 0.0043996   8.736   4.876 6.473e-04    <NA>  566533   566533    65854
4764 0.0599635   8.736   4.866 1.065e-02    <NA>  566450   566450    65849
4765 0.1512690   8.736   4.839 2.767e-02    <NA>  565467   565467    65798
     MnAge_Smry Enc_Catch Dead_Catch Retain_Catch MnAge_Catch    SPB Recruits
4761      3.800         8          8            8       2.690 146374    18399
4762      3.800        20         20           20       2.690 146372    18399
4763      3.800        81         81           81       4.361 146369    18399
4764      3.800      1114       1114         1114       6.371 146067    18396
4765      3.798      2848       2848         2848       6.420 145249    18390
     Tot_Exploit More_F(by_Morph):    aveF_1    aveF_2    aveF_3    aveF_4
4761   1.412e-05                NA 1.139e-05 1.139e-05 1.138e-05 1.138e-05
4762   3.530e-05                NA 2.846e-05 2.847e-05 2.846e-05 2.846e-05
4763   1.430e-04                NA 1.452e-04 1.427e-04 1.402e-04 1.377e-04
4764   1.967e-03                NA 2.050e-03 2.005e-03 1.961e-03 1.916e-03
4765   5.037e-03                NA 5.302e-03 5.187e-03 5.071e-03 4.955e-03
        aveF_5    aveF_6    aveF_7    aveF_8    maxF_1    maxF_2    maxF_3
4761 1.183e-05 1.187e-05 1.187e-05 1.186e-05 7.092e-05 7.265e-05 7.309e-05
4762 2.957e-05 2.967e-05 2.967e-05 2.966e-05 1.773e-04 1.816e-04 1.827e-04
4763 1.473e-04 1.450e-04 1.425e-04 1.400e-04 5.574e-04 5.574e-04 5.574e-04
4764 2.070e-03 2.026e-03 1.981e-03 1.936e-03 3.439e-03 3.439e-03 3.438e-03
4765 5.353e-03 5.238e-03 5.122e-03 5.006e-03 1.029e-02 1.028e-02 1.028e-02
        maxF_4    maxF_5    maxF_6    maxF_7    maxF_8 Enc_Catch_B Dead_Catch_B
4761 7.179e-05 7.152e-05 7.154e-05 7.371e-05 7.239e-05           8            8
4762 1.795e-04 1.788e-04 1.789e-04 1.843e-04 1.810e-04          20           20
4763 5.573e-04 5.584e-04 5.584e-04 5.584e-04 5.584e-04          81           81
4764 3.438e-03 3.446e-03 3.446e-03 3.446e-03 3.446e-03        1114         1114
4765 1.028e-02 1.031e-02 1.031e-02 1.031e-02 1.031e-02        2848         2848
     Retain_Catch_B Enc_Catch_N Dead_Catch_N Retain_Catch_N sum_Apical_F
4761              8       1.377        1.377          1.377    8.306e-05
4762             20       3.443        3.443          3.443    2.077e-04
4763             81       6.582        6.582          6.582    3.483e-04
4764           1114      59.749       59.749         59.749    2.733e-03
4765           2848     149.592      149.592        149.592    6.795e-03
         F=Z-M    spr
4761 3.626e-06 0.9998
4762 9.064e-06 0.9996
4763 1.413e-04 0.9989
4764 2.325e-03 0.9860
4765 6.041e-03 0.9642
 [ reached getOption("max.print") -- omitted 60 rows ]

$managementratiolabels
                   Ratio                                 Label
633     SPR_ratio_basis:                   (1-SPR)/(1-SPR_MSY)
634      F_report_basis: (F)/(Fmsy);_with_F=Z-M;_for_ages_5_12
635 B_ratio_denominator:                            100%*B_MSY

$F_report_basis
[1] "(F)/(Fmsy);_with_F=Z-M;_for_ages_5_12"

$B_ratio_denominator
[1] 1

$sprtarg
[1] -999

$btarg
[1] -999

$minbthresh
[1] -999

$cpue
     Fleet    Name   Yr Seas Yr.S Vuln_bio    Obs    Exp    Calc_Q     Eff_Q
4979    12 LLCPUE1 1979    1 1979    16884 0.4777 0.7667 4.541e-05 4.541e-05
4980    12 LLCPUE1 1979    3 1980    16742 0.7280 0.7602 4.541e-05 4.541e-05
4981    12 LLCPUE1 1979    4 1980    16737 0.4860 0.7600 4.541e-05 4.541e-05
4982    12 LLCPUE1 1980    1 1980    18630 0.4410 0.8460 4.541e-05 4.541e-05
4983    12 LLCPUE1 1980    2 1980    18787 1.1038 0.8531 4.541e-05 4.541e-05
4984    12 LLCPUE1 1980    3 1981    18912 0.7078 0.8588 4.541e-05 4.541e-05
4985    12 LLCPUE1 1980    4 1981    19054 0.6213 0.8652 4.541e-05 4.541e-05
4986    12 LLCPUE1 1981    1 1981    18468 0.5463 0.8386 4.541e-05 4.541e-05
4987    12 LLCPUE1 1981    3 1982    18430 0.4655 0.8369 4.541e-05 4.541e-05
4988    12 LLCPUE1 1981    4 1982    18401 0.6265 0.8356 4.541e-05 4.541e-05
4989    12 LLCPUE1 1982    1 1982    16223 0.5002 0.7367 4.541e-05 4.541e-05
4990    12 LLCPUE1 1982    4 1983    15640 0.7752 0.7102 4.541e-05 4.541e-05
4991    12 LLCPUE1 1983    1 1983    18844 0.5613 0.8557 4.541e-05 4.541e-05
      SE        Dev      Like Like+log(s) Supr_Per Use FleetName FleetNum
4979 0.2 -0.4730930 2.798e+00    1.188280     <NA>   1   LLCPUE1       12
4980 0.2 -0.0432828 2.342e-02   -1.586020     <NA>   1   LLCPUE1       12
4981 0.2 -0.4470530 2.498e+00    0.888772     <NA>   1   LLCPUE1       12
4982 0.2 -0.6514320 5.305e+00    3.695100     <NA>   1   LLCPUE1       12
4983 0.2  0.2576330 8.297e-01   -0.779751     <NA>   1   LLCPUE1       12
4984 0.2 -0.1932880 4.670e-01   -1.142440     <NA>   1   LLCPUE1       12
4985 0.2 -0.3311760 1.371e+00   -0.238470     <NA>   1   LLCPUE1       12
4986 0.2 -0.4284620 2.295e+00    0.685307     <NA>   1   LLCPUE1       12
4987 0.2 -0.5865210 4.300e+00    2.690640     <NA>   1   LLCPUE1       12
4988 0.2 -0.2879200 1.036e+00   -0.573216     <NA>   1   LLCPUE1       12
4989 0.2 -0.3871070 1.873e+00    0.263711     <NA>   1   LLCPUE1       12
4990 0.2  0.0876075 9.594e-02   -1.513500     <NA>   1   LLCPUE1       12
4991 0.2 -0.4216390 2.222e+00    0.612807     <NA>   1   LLCPUE1       12
 [ reached getOption("max.print") -- omitted 365 rows ]

$natage
      Area Bio_Pattern Gender BirthSeas SubMorph Morph   Yr Seas Time Beg/Mid
56243    1           1      1         1        1     1 1948    1 1948       B
56244    1           1      1         1        1     1 1948    1 1948       M
56245    1           1      1         1        1     1 1948    2 1948       B
56246    1           1      1         1        1     1 1948    2 1948       M
56247    1           1      1         1        1     1 1948    3 1948       B
56248    1           1      1         1        1     1 1948    3 1949       M
56249    1           1      1         1        1     1 1948    4 1949       B
56250    1           1      1         1        1     1 1948    4 1949       M
56251    1           1      1         1        1     1 1949    1 1949       B
       Era         0         1         2         3         4         5
56243 VIRG 1.035e-03 7.669e-04 5.682e-04 4.209e-04 3.118e-04 2.310e-04
56244 VIRG 0.000e+00 0.000e+00 0.000e+00 0.000e+00 0.000e+00 0.000e+00
56245 VIRG 9.604e-04 7.115e-04 5.271e-04 3.905e-04 2.893e-04 2.143e-04
56246 VIRG 0.000e+00 0.000e+00 0.000e+00 0.000e+00 0.000e+00 0.000e+00
56247 VIRG 8.910e-04 6.601e-04 4.890e-04 3.623e-04 2.684e-04 1.988e-04
56248 VIRG 0.000e+00 0.000e+00 0.000e+00 0.000e+00 0.000e+00 0.000e+00
56249 VIRG 8.267e-04 6.124e-04 4.537e-04 3.361e-04 2.490e-04 1.845e-04
56250 VIRG 0.000e+00 0.000e+00 0.000e+00 0.000e+00 0.000e+00 0.000e+00
56251 INIT 1.035e-03 7.669e-04 5.682e-04 4.209e-04 3.118e-04 2.310e-04
              6         7         8         9        10        11        12
56243 1.711e-04 1.268e-04 9.392e-05 6.957e-05 5.154e-05 3.818e-05 2.829e-05
56244 0.000e+00 0.000e+00 0.000e+00 0.000e+00 0.000e+00 0.000e+00 0.000e+00
56245 1.588e-04 1.176e-04 8.713e-05 6.455e-05 4.782e-05 3.542e-05 2.624e-05
56246 0.000e+00 0.000e+00 0.000e+00 0.000e+00 0.000e+00 0.000e+00 0.000e+00
56247 1.473e-04 1.091e-04 8.083e-05 5.988e-05 4.436e-05 3.286e-05 2.435e-05
56248 0.000e+00 0.000e+00 0.000e+00 0.000e+00 0.000e+00 0.000e+00 0.000e+00
56249 1.366e-04 1.012e-04 7.499e-05 5.556e-05 4.116e-05 3.049e-05 2.259e-05
56250 0.000e+00 0.000e+00 0.000e+00 0.000e+00 0.000e+00 0.000e+00 0.000e+00
56251 1.711e-04 1.268e-04 9.392e-05 6.957e-05 5.154e-05 3.818e-05 2.829e-05
             13        14
56243 2.096e-05 5.990e-05
56244 0.000e+00 0.000e+00
56245 1.944e-05 5.557e-05
56246 0.000e+00 0.000e+00
56247 1.804e-05 5.155e-05
56248 0.000e+00 0.000e+00
56249 1.673e-05 4.783e-05
56250 0.000e+00 0.000e+00
56251 2.096e-05 5.990e-05
 [ reached getOption("max.print") -- omitted 4279 rows ]

$natlen
      Area Bio_Pattern Gender BirthSeas SubMorph Morph   Yr Seas Time Beg/Mid
60533    1           1      1         1        1     1 1950    1 1950       B
60534    1           1      1         1        1     1 1950    1 1950       M
60535    1           1      1         1        1     1 1950    2 1950       B
       Era        10        12        14        16        18        20
60533 TIME 1.012e-03 2.352e-05 3.280e-08 1.587e-12 7.704e-12 8.726e-11
60534 TIME 4.594e-05 3.357e-04 4.775e-04 1.313e-04 6.610e-06 5.658e-08
60535 TIME 1.322e-07 4.652e-06 5.732e-05 2.491e-04 3.871e-04 2.160e-04
             22        24        26        28        30        32        34
60533 8.164e-10 6.311e-09 4.030e-08 2.127e-07 9.272e-07 3.341e-06 9.947e-06
60534 3.166e-10 1.862e-09 1.220e-08 6.715e-08 3.104e-07 1.206e-06 3.935e-06
60535 4.302e-05 3.016e-06 7.711e-08 2.300e-08 1.080e-07 4.439e-07 1.554e-06
             36        38        40        42        44        46        48
60533 2.448e-05 4.981e-05 8.386e-05 1.170e-04 1.356e-04 1.320e-04 1.106e-04
60534 1.079e-05 2.486e-05 4.817e-05 7.853e-05 1.079e-04 1.255e-04 1.249e-04
60535 4.637e-06 1.179e-05 2.556e-05 4.725e-05 7.459e-05 1.007e-04 1.170e-04
             50        52        54        56        58        60        62
60533 8.523e-05 6.859e-05 6.528e-05 7.184e-05 8.154e-05 8.880e-05 9.117e-05
60534 1.089e-04 8.819e-05 7.339e-05 6.916e-05 7.342e-05 8.084e-05 8.664e-05
60535 1.181e-04 1.063e-04 8.960e-05 7.688e-05 7.238e-05 7.495e-05 8.044e-05
             64        66        68        70        72        74        76
60533 8.925e-05 8.525e-05 8.151e-05 7.926e-05 7.852e-05 7.853e-05 7.849e-05
60534 8.862e-05 8.716e-05 8.401e-05 8.098e-05 7.904e-05 7.819e-05 7.788e-05
60535 8.492e-05 8.646e-05 8.530e-05 8.278e-05 8.030e-05 7.859e-05 7.766e-05
             78        80        82        84        86        88        90
60533 7.796e-05 7.693e-05 7.557e-05 7.407e-05 7.251e-05 7.084e-05 6.898e-05
60534 7.750e-05 7.676e-05 7.561e-05 7.419e-05 7.260e-05 7.088e-05 6.898e-05
60535 7.709e-05 7.644e-05 7.550e-05 7.421e-05 7.267e-05 7.093e-05 6.900e-05
             92        94        96        98       100       102       104
60533 6.685e-05 6.439e-05 6.157e-05 5.837e-05 5.481e-05 5.089e-05 4.667e-05
60534 6.683e-05 6.437e-05 6.156e-05 5.837e-05 5.481e-05 5.089e-05 4.666e-05
60535 6.683e-05 6.436e-05 6.155e-05 5.836e-05 5.480e-05 5.088e-05 4.666e-05
            106       108       110       112       114       116       118
60533 4.219e-05 3.757e-05 3.290e-05 2.829e-05 2.386e-05 1.973e-05 1.596e-05
60534 4.219e-05 3.757e-05 3.289e-05 2.829e-05 2.386e-05 1.973e-05 1.597e-05
60535 4.219e-05 3.756e-05 3.289e-05 2.829e-05 2.386e-05 1.973e-05 1.597e-05
            120       122       124       126       128       130       132
60533 1.263e-05 9.768e-06 7.375e-06 5.433e-06 3.903e-06 2.733e-06 1.863e-06
60534 1.264e-05 9.773e-06 7.380e-06 5.438e-06 3.908e-06 2.736e-06 1.867e-06
60535 1.264e-05 9.777e-06 7.385e-06 5.443e-06 3.912e-06 2.740e-06 1.870e-06
            134       136       138       140
60533 1.237e-06 7.994e-07 5.025e-07 7.209e-07
60534 1.240e-06 8.014e-07 5.040e-07 7.240e-07
60535 1.242e-06 8.033e-07 5.054e-07 7.269e-07
 [ reached getOption("max.print") -- omitted 4157 rows ]

$batlen
      Area Bio_Pattern Gender BirthSeas SubMorph Morph   Yr Seas Time Beg/Mid
64695    1           1      1         1        1     1 1950    1 1950       B
64696    1           1      1         1        1     1 1950    1 1950       M
64697    1           1      1         1        1     1 1950    2 1950       B
       Era        10        12        14        16        18        20
64695 TIME 2.333e-05 9.098e-07 1.976e-09 1.409e-13 9.654e-13 1.491e-11
64696 TIME 1.059e-06 1.299e-05 2.877e-05 1.166e-05 8.283e-07 9.666e-09
64697 TIME 3.048e-09 1.799e-07 3.454e-06 2.212e-05 4.850e-05 3.690e-05
             22        24        26        28        30        32        34
64695 1.849e-10 1.850e-09 1.500e-08 9.873e-08 5.292e-07 2.314e-06 8.268e-06
64696 7.169e-11 5.460e-10 4.540e-09 3.117e-08 1.772e-07 8.353e-07 3.271e-06
64697 9.742e-06 8.842e-07 2.869e-08 1.068e-08 6.166e-08 3.075e-07 1.292e-06
             36        38        40        42        44        46        48
64695 2.417e-05 5.790e-05 1.138e-04 1.839e-04 2.456e-04 2.735e-04 2.608e-04
64696 1.065e-05 2.890e-05 6.536e-05 1.235e-04 1.954e-04 2.600e-04 2.943e-04
64697 4.579e-06 1.370e-05 3.468e-05 7.431e-05 1.350e-04 2.087e-04 2.758e-04
             50        52        54        56        58        60        62
64695 2.274e-04 2.061e-04 2.200e-04 2.705e-04 3.416e-04 4.125e-04 4.680e-04
64696 2.906e-04 2.650e-04 2.474e-04 2.604e-04 3.076e-04 3.755e-04 4.447e-04
64697 3.151e-04 3.194e-04 3.020e-04 2.895e-04 3.032e-04 3.482e-04 4.129e-04
             64        66        68        70        72        74        76
64695 5.047e-04 5.295e-04 5.546e-04 5.892e-04 6.361e-04 6.918e-04 7.501e-04
64696 5.012e-04 5.414e-04 5.716e-04 6.019e-04 6.403e-04 6.887e-04 7.443e-04
64697 4.802e-04 5.371e-04 5.804e-04 6.154e-04 6.505e-04 6.923e-04 7.422e-04
             78        80        82        84        86        88        90
64695 8.067e-04 8.600e-04 9.111e-04 9.615e-04 1.011e-03 1.060e-03 1.106e-03
64696 8.019e-04 8.582e-04 9.117e-04 9.630e-04 1.013e-03 1.061e-03 1.106e-03
64697 7.976e-04 8.546e-04 9.103e-04 9.633e-04 1.014e-03 1.062e-03 1.106e-03
             92        94        96        98       100       102       104
64695 1.147e-03 1.180e-03 1.203e-03 1.215e-03 1.214e-03 1.198e-03 1.166e-03
64696 1.146e-03 1.179e-03 1.203e-03 1.215e-03 1.214e-03 1.197e-03 1.165e-03
64697 1.146e-03 1.179e-03 1.203e-03 1.215e-03 1.214e-03 1.197e-03 1.165e-03
            106       108       110       112       114       116       118
64695 1.117e-03 1.054e-03 9.759e-04 8.869e-04 7.900e-04 6.889e-04 5.875e-04
64696 1.117e-03 1.053e-03 9.758e-04 8.869e-04 7.900e-04 6.889e-04 5.876e-04
64697 1.117e-03 1.053e-03 9.758e-04 8.869e-04 7.900e-04 6.890e-04 5.877e-04
            120       122       124       126       128       130       132
64695 4.895e-04 3.983e-04 3.161e-04 2.446e-04 1.844e-04 1.354e-04 9.678e-05
64696 4.897e-04 3.984e-04 3.163e-04 2.448e-04 1.846e-04 1.356e-04 9.695e-05
64697 4.898e-04 3.986e-04 3.165e-04 2.450e-04 1.848e-04 1.358e-04 9.711e-05
            134       136       138       140
64695 6.730e-05 4.551e-05 2.992e-05 4.487e-05
64696 6.744e-05 4.563e-05 3.001e-05 4.506e-05
64697 6.757e-05 4.573e-05 3.009e-05 4.524e-05
 [ reached getOption("max.print") -- omitted 4157 rows ]

$movement
 [1] Seas        Gpattern    Source_area Dest_area   minage      maxage     
 [7] age0        age1        age2        age3        age4        age5       
[13] age6        age7        age8        age9        age10       age11      
[19] age12       age13       age14      
<0 rows> (or 0-length row.names)

$tagreportrates
[1] NA

$tagrecap
[1] NA

$tagfirstperiod
[1] NA

$tagaccumperiod
[1] NA

$tagsalive
[1] NA

$tagtotrecap
[1] NA

$ALK
, , 1

           [,1]      [,2]      [,3]      [,4]      [,5]      [,6]      [,7]
 [1,] 0.000e+00 0.000e+00 0.000e+00 0.000e+00 6.618e-13 5.463e-09 8.297e-07
 [2,] 0.000e+00 0.000e+00 0.000e+00 0.000e+00 3.090e-12 1.449e-08 1.498e-06
 [3,] 0.000e+00 0.000e+00 0.000e+00 0.000e+00 1.631e-11 4.946e-08 3.928e-06
 [4,] 0.000e+00 0.000e+00 0.000e+00 0.000e+00 8.113e-11 1.605e-07 9.852e-06
 [5,] 0.000e+00 0.000e+00 0.000e+00 1.110e-16 3.803e-10 4.956e-07 2.364e-05
 [6,] 0.000e+00 0.000e+00 0.000e+00 1.443e-15 1.680e-09 1.455e-06 5.424e-05
 [7,] 0.000e+00 0.000e+00 0.000e+00 1.177e-14 6.996e-09 4.063e-06 1.191e-04
 [8,] 0.000e+00 0.000e+00 0.000e+00 9.470e-14 2.745e-08 1.079e-05 2.500e-04
 [9,] 0.000e+00 0.000e+00 0.000e+00 7.050e-13 1.015e-07 2.725e-05 5.020e-04
[10,] 0.000e+00 0.000e+00 0.000e+00 4.866e-12 3.538e-07 6.546e-05 9.642e-04
[11,] 0.000e+00 0.000e+00 0.000e+00 3.115e-11 1.162e-06 1.495e-04 1.772e-03
[12,] 0.000e+00 0.000e+00 0.000e+00 1.850e-10 3.597e-06 3.249e-04 3.113e-03
[13,] 0.000e+00 0.000e+00 0.000e+00 1.019e-09 1.049e-05 6.714e-04 5.233e-03
[14,] 0.000e+00 0.000e+00 0.000e+00 5.202e-09 2.885e-05 1.320e-03 8.414e-03
[15,] 0.000e+00 0.000e+00 0.000e+00 2.465e-08 7.474e-05 2.466e-03 1.294e-02
[16,] 0.000e+00 0.000e+00 2.220e-16 1.083e-07 1.825e-04 4.384e-03 1.903e-02
           [,8]      [,9]     [,10]     [,11]     [,12]     [,13]     [,14]
 [1,] 1.701e-05 1.163e-04 4.179e-04 1.007e-03 1.874e-03 2.933e-03 4.073e-03
 [2,] 2.327e-05 1.296e-04 3.982e-04 8.517e-04 1.446e-03 2.109e-03 2.772e-03
 [3,] 5.148e-05 2.555e-04 7.244e-04 1.463e-03 2.381e-03 3.366e-03 4.322e-03
 [4,] 1.093e-04 4.849e-04 1.271e-03 2.426e-03 3.791e-03 5.197e-03 6.523e-03
 [5,] 2.230e-04 8.860e-04 2.151e-03 3.887e-03 5.834e-03 7.763e-03 9.530e-03
 [6,] 4.366e-04 1.559e-03 3.511e-03 6.012e-03 8.678e-03 1.122e-02 1.348e-02
 [7,] 8.208e-04 2.639e-03 5.527e-03 8.982e-03 1.248e-02 1.568e-02 1.845e-02
 [8,] 1.481e-03 4.302e-03 8.391e-03 1.296e-02 1.735e-02 2.121e-02 2.444e-02
 [9,] 2.567e-03 6.751e-03 1.229e-02 1.806e-02 2.332e-02 2.776e-02 3.135e-02
[10,] 4.272e-03 1.020e-02 1.735e-02 2.430e-02 3.029e-02 3.514e-02 3.892e-02
[11,] 6.825e-03 1.483e-02 2.363e-02 3.158e-02 3.805e-02 4.303e-02 4.677e-02
[12,] 1.047e-02 2.076e-02 3.103e-02 3.963e-02 4.619e-02 5.098e-02 5.441e-02
[13,] 1.542e-02 2.797e-02 3.931e-02 4.804e-02 5.422e-02 5.843e-02 6.126e-02
[14,] 2.180e-02 3.628e-02 4.802e-02 5.623e-02 6.152e-02 6.479e-02 6.678e-02
[15,] 2.959e-02 4.530e-02 5.658e-02 6.356e-02 6.748e-02 6.951e-02 7.045e-02
[16,] 3.857e-02 5.445e-02 6.430e-02 6.939e-02 7.155e-02 7.213e-02 7.195e-02
          [,15]
 [1,] 6.458e-03
 [2,] 4.050e-03
 [3,] 6.105e-03
 [4,] 8.917e-03
 [5,] 1.262e-02
 [6,] 1.729e-02
 [7,] 2.297e-02
 [8,] 2.954e-02
 [9,] 3.682e-02
[10,] 4.445e-02
[11,] 5.200e-02
[12,] 5.892e-02
[13,] 6.467e-02
[14,] 6.877e-02
[15,] 7.085e-02
[16,] 7.071e-02

 [ reached getOption("max.print") -- omitted 50 row(s) and 63 matrix slice(s) ]

$N_ageerror_defs
[1] 0

$catage
      Area Fleet Gender XX XX Morph   Yr Seas XX  Era 0         1         2
68857    1     1      1 XX XX     1 1949    1 XX INIT 0 0.000e+00 0.000e+00
68858    1     1      1 XX XX     1 1949    2 XX INIT 0 0.000e+00 0.000e+00
68859    1     1      1 XX XX     1 1949    3 XX INIT 0 0.000e+00 0.000e+00
68860    1     1      1 XX XX     1 1949    4 XX INIT 0 0.000e+00 0.000e+00
68861    1     1      1 XX XX     1 1950    1 XX TIME 0 0.000e+00 0.000e+00
68862    1     1      1 XX XX     1 1950    2 XX TIME 0 0.000e+00 0.000e+00
68863    1     1      1 XX XX     1 1950    3 XX TIME 0 0.000e+00 0.000e+00
68864    1     1      1 XX XX     1 1950    4 XX TIME 0 0.000e+00 0.000e+00
68865    1     1      1 XX XX     1 1951    1 XX TIME 0 0.000e+00 0.000e+00
68866    1     1      1 XX XX     1 1951    2 XX TIME 0 0.000e+00 0.000e+00
              3         4         5         6         7         8         9
68857 0.000e+00 0.000e+00 0.000e+00 0.000e+00 0.000e+00 0.000e+00 0.000e+00
68858 0.000e+00 0.000e+00 0.000e+00 0.000e+00 0.000e+00 0.000e+00 0.000e+00
68859 0.000e+00 0.000e+00 0.000e+00 0.000e+00 0.000e+00 0.000e+00 0.000e+00
68860 0.000e+00 0.000e+00 0.000e+00 0.000e+00 0.000e+00 0.000e+00 0.000e+00
68861 0.000e+00 0.000e+00 0.000e+00 0.000e+00 0.000e+00 0.000e+00 0.000e+00
68862 0.000e+00 0.000e+00 0.000e+00 0.000e+00 0.000e+00 0.000e+00 0.000e+00
68863 0.000e+00 0.000e+00 0.000e+00 0.000e+00 0.000e+00 0.000e+00 0.000e+00
68864 0.000e+00 0.000e+00 0.000e+00 0.000e+00 0.000e+00 0.000e+00 0.000e+00
68865 0.000e+00 0.000e+00 0.000e+00 0.000e+00 0.000e+00 0.000e+00 0.000e+00
68866 0.000e+00 0.000e+00 0.000e+00 0.000e+00 0.000e+00 0.000e+00 0.000e+00
             10        11        12        13        14
68857 0.000e+00 0.000e+00 0.000e+00 0.000e+00 0.000e+00
68858 0.000e+00 0.000e+00 0.000e+00 0.000e+00 0.000e+00
68859 0.000e+00 0.000e+00 0.000e+00 0.000e+00 0.000e+00
68860 0.000e+00 0.000e+00 0.000e+00 0.000e+00 0.000e+00
68861 0.000e+00 0.000e+00 0.000e+00 0.000e+00 0.000e+00
68862 0.000e+00 0.000e+00 0.000e+00 0.000e+00 0.000e+00
68863 0.000e+00 0.000e+00 0.000e+00 0.000e+00 0.000e+00
68864 0.000e+00 0.000e+00 0.000e+00 0.000e+00 0.000e+00
68865 0.000e+00 0.000e+00 0.000e+00 0.000e+00 0.000e+00
68866 0.000e+00 0.000e+00 0.000e+00 0.000e+00 0.000e+00
 [ reached getOption("max.print") -- omitted 23222 rows ]

$Z_at_age
       Bio_Pattern Gender Year      0      1      2      3      4      5      6
125119           1      1 1950 -15.93 0.3000 0.3001 0.3001 0.3000 0.3000 0.3000
125120           1      1 1951 -15.93 0.3000 0.3001 0.3001 0.3001 0.3000 0.3000
125121           1      1 1952 -15.93 0.3000 0.3001 0.3002 0.3002 0.3001 0.3001
125122           1      1 1953 -15.92 0.3000 0.3002 0.3008 0.3015 0.3021 0.3023
125123           1      1 1954 -15.92 0.3000 0.3005 0.3020 0.3041 0.3054 0.3060
125124           1      1 1955 -15.92 0.3000 0.3006 0.3023 0.3048 0.3064 0.3071
125125           1      1 1956 -15.92 0.3000 0.3007 0.3036 0.3078 0.3107 0.3120
125126           1      1 1957 -15.92 0.3000 0.3008 0.3035 0.3075 0.3102 0.3115
125127           1      1 1958 -15.92 0.3001 0.3020 0.3069 0.3122 0.3150 0.3160
125128           1      1 1959 -15.92 0.3003 0.3044 0.3138 0.3225 0.3260 0.3263
125129           1      1 1960 -15.92 0.3005 0.3063 0.3178 0.3270 0.3294 0.3281
125130           1      1 1961 -15.92 0.3005 0.3072 0.3223 0.3350 0.3394 0.3392
125131           1      1 1962 -15.92 0.3011 0.3141 0.3367 0.3510 0.3514 0.3462
            7      8      9     10     11     12     13 14
125119 0.3000 0.3000 0.3000 0.3000 0.3000 0.3000 0.3000 NA
125120 0.3000 0.3000 0.3000 0.3000 0.3000 0.3000 0.3000 NA
125121 0.3001 0.3001 0.3001 0.3001 0.3001 0.3001 0.3001 NA
125122 0.3024 0.3025 0.3025 0.3025 0.3025 0.3025 0.3025 NA
125123 0.3063 0.3064 0.3064 0.3064 0.3065 0.3065 0.3065 NA
125124 0.3074 0.3075 0.3075 0.3076 0.3076 0.3076 0.3076 NA
125125 0.3125 0.3127 0.3128 0.3128 0.3129 0.3129 0.3129 NA
125126 0.3119 0.3121 0.3122 0.3122 0.3123 0.3123 0.3123 NA
125127 0.3163 0.3163 0.3163 0.3162 0.3162 0.3162 0.3162 NA
125128 0.3258 0.3252 0.3249 0.3246 0.3244 0.3243 0.3241 NA
125129 0.3263 0.3250 0.3241 0.3235 0.3231 0.3228 0.3225 NA
125130 0.3380 0.3370 0.3363 0.3358 0.3355 0.3353 0.3350 NA
125131 0.3412 0.3377 0.3355 0.3340 0.3331 0.3325 0.3316 NA
 [ reached getOption("max.print") -- omitted 115 rows ]

$M_at_age
       Bio_Pattern Gender Year      0   1   2   3   4   5   6   7   8   9  10
125452           1      1 1950 -15.93 0.3 0.3 0.3 0.3 0.3 0.3 0.3 0.3 0.3 0.3
125453           1      1 1951 -15.93 0.3 0.3 0.3 0.3 0.3 0.3 0.3 0.3 0.3 0.3
125454           1      1 1952 -15.93 0.3 0.3 0.3 0.3 0.3 0.3 0.3 0.3 0.3 0.3
125455           1      1 1953 -15.93 0.3 0.3 0.3 0.3 0.3 0.3 0.3 0.3 0.3 0.3
125456           1      1 1954 -15.93 0.3 0.3 0.3 0.3 0.3 0.3 0.3 0.3 0.3 0.3
125457           1      1 1955 -15.93 0.3 0.3 0.3 0.3 0.3 0.3 0.3 0.3 0.3 0.3
125458           1      1 1956 -15.93 0.3 0.3 0.3 0.3 0.3 0.3 0.3 0.3 0.3 0.3
125459           1      1 1957 -15.93 0.3 0.3 0.3 0.3 0.3 0.3 0.3 0.3 0.3 0.3
125460           1      1 1958 -15.93 0.3 0.3 0.3 0.3 0.3 0.3 0.3 0.3 0.3 0.3
125461           1      1 1959 -15.93 0.3 0.3 0.3 0.3 0.3 0.3 0.3 0.3 0.3 0.3
125462           1      1 1960 -15.93 0.3 0.3 0.3 0.3 0.3 0.3 0.3 0.3 0.3 0.3
125463           1      1 1961 -15.93 0.3 0.3 0.3 0.3 0.3 0.3 0.3 0.3 0.3 0.3
125464           1      1 1962 -15.93 0.3 0.3 0.3 0.3 0.3 0.3 0.3 0.3 0.3 0.3
        11  12  13 14
125452 0.3 0.3 0.3 NA
125453 0.3 0.3 0.3 NA
125454 0.3 0.3 0.3 NA
125455 0.3 0.3 0.3 NA
125456 0.3 0.3 0.3 NA
125457 0.3 0.3 0.3 NA
125458 0.3 0.3 0.3 NA
125459 0.3 0.3 0.3 NA
125460 0.3 0.3 0.3 NA
125461 0.3 0.3 0.3 NA
125462 0.3 0.3 0.3 NA
125463 0.3 0.3 0.3 NA
125464 0.3 0.3 0.3 NA
 [ reached getOption("max.print") -- omitted 115 rows ]

$Dynamic_Bzero
         Yr  Era    SPB SPB_nofishing
124918 1948 VIRG 146374        146374
124919 1949 INIT 146374        146374
124920 1950 TIME 146374        146374
124921 1951 TIME 146372        146374
124922 1952 TIME 146369        146374
124923 1953 TIME 146067        146374
124924 1954 TIME 145249        146374
124925 1955 TIME 144363        146374
124926 1956 TIME 142720        146374
124927 1957 TIME 141557        146374
124928 1958 TIME 140652        146374
124929 1959 TIME 138327        146374
124930 1960 TIME 134958        146374
124931 1961 TIME 132970        146374
124932 1962 TIME 127341        146374
124933 1963 TIME 124953        146374
124934 1964 TIME 122015        146374
124935 1965 TIME 119794        146374
124936 1966 TIME 118444        146374
124937 1967 TIME 115374        146374
124938 1968 TIME 112872        146374
124939 1969 TIME 110854        146374
124940 1970 TIME 110168        146374
124941 1971 TIME 110003        146374
124942 1972 TIME 110850        146374
124943 1973 TIME 109507        146374
124944 1974 TIME 106260        146374
124945 1975 TIME 104886        146374
124946 1976 TIME 106145        146374
124947 1977 TIME 106769        146374
124948 1978 TIME 107407        146374
124949 1979 TIME 105721        145146
124950 1980 TIME 101642        140036
124951 1981 TIME 100137        137487
124952 1982 TIME 100615        139418
124953 1983 TIME  99345        140038
124954 1984 TIME  96331        138302
124955 1985 TIME  95253        136088
124956 1986 TIME  94254        133427
124957 1987 TIME  93887        134093
124958 1988 TIME  95965        141919
124959 1989 TIME  94784        146664
124960 1990 TIME  88854        144237
124961 1991 TIME  78486        139068
124962 1992 TIME  70512        138078
124963 1993 TIME  64156        134760
124964 1994 TIME  57775        128461
124965 1995 TIME  57195        127274
124966 1996 TIME  54391        123595
124967 1997 TIME  52683        121890
124968 1998 TIME  49672        120698
124969 1999 TIME  47328        121095
124970 2000 TIME  44844        123072
124971 2001 TIME  39840        120754
124972 2002 TIME  36479        120787
124973 2003 TIME  37878        124354
124974 2004 TIME  39614        128014
124975 2005 TIME  41274        129534
124976 2006 TIME  42483        130432
124977 2007 TIME  41311        128436
124978 2008 TIME  41293        129021
124979 2009 TIME  45051        133308
 [ reached getOption("max.print") -- omitted 5 rows ]

$comp_data_exists
[1] TRUE

$lendbase
        Yr Seas Yr.S Fleet Rep Pick_gender Kind Part Ageerr Gender Lbin_lo
2     1965    2 1965     1   1           0  LEN    0      0      1       1
3     1965    2 1965     1   1           0  LEN    0      0      1       1
4     1965    2 1965     1   1           0  LEN    0      0      1       1
5     1965    2 1965     1   1           0  LEN    0      0      1       1
6     1965    2 1965     1   1           0  LEN    0      0      1       1
7     1965    2 1965     1   1           0  LEN    0      0      1       1
8     1965    2 1965     1   1           0  LEN    0      0      1       1
9     1965    2 1965     1   1           0  LEN    0      0      1       1
10    1965    2 1965     1   1           0  LEN    0      0      1       1
      Lbin_hi Bin       Obs       Exp    Pearson     N      effN       Like
2           1  70 0.0015680 0.0687433 -5.937e-01 5.000 3.125e+00 -2.964e-02
3           1  72 0.0021498 0.0238811 -3.183e-01 5.000 3.125e+00 -2.588e-02
4           1  74 0.0155318 0.0289520 -1.790e-01 5.000 3.125e+00 -4.836e-02
5           1  76 0.0818599 0.0340246  5.900e-01 5.000 3.125e+00  3.593e-01
6           1  78 0.2034610 0.0389404  1.902e+00 5.000 3.125e+00  1.682e+00
7           1  80 0.2482620 0.0435546  2.243e+00 5.000 3.125e+00  2.160e+00
8           1  82 0.1609880 0.0476492  1.190e+00 5.000 3.125e+00  9.800e-01
9           1  84 0.1179330 0.0509225  6.816e-01 5.000 3.125e+00  4.952e-01
10          1  86 0.0870963 0.0530628  3.395e-01 5.000 3.125e+00  2.158e-01
        Cum_obs   Cum_exp SuprPer Used sex YrSeasName Lbin_range Lbin_mid
2     0.0015680 0.0687433      No  yes   0     1965s2          0        1
3     0.0037179 0.0926244      No  yes   0     1965s2          0        1
4     0.0192497 0.1215760      No  yes   0     1965s2          0        1
5     0.1011100 0.1556010      No  yes   0     1965s2          0        1
6     0.3045710 0.1945410      No  yes   0     1965s2          0        1
7     0.5528330 0.2380960      No  yes   0     1965s2          0        1
8     0.7138210 0.2857450      No  yes   0     1965s2          0        1
9     0.8317540 0.3366680      No  yes   0     1965s2          0        1
10    0.9188500 0.3897310      No  yes   0     1965s2          0        1
 [ reached getOption("max.print") -- omitted 16273 rows ]

$sizedbase
 [1] Yr          Seas        Yr.S        Fleet       Rep         Pick_gender
 [7] Kind        Part        Ageerr      Gender      Lbin_lo     Lbin_hi    
[13] Bin         Obs         Exp         Pearson     N           effN       
[19] Like        Cum_obs     Cum_exp     SuprPer     Used        sex        
[25] YrSeasName  Lbin_range  Lbin_mid   
<0 rows> (or 0-length row.names)

$agedbase
 [1] Yr          Seas        Yr.S        Fleet       Rep         Pick_gender
 [7] Kind        Part        Ageerr      Gender      Lbin_lo     Lbin_hi    
[13] Bin         Obs         Exp         Pearson     N           effN       
[19] Like        Cum_obs     Cum_exp     SuprPer     Used        sex        
[25] YrSeasName  Lbin_range  Lbin_mid   
<0 rows> (or 0-length row.names)

$condbase
 [1] Yr          Seas        Yr.S        Fleet       Rep         Pick_gender
 [7] Kind        Part        Ageerr      Gender      Lbin_lo     Lbin_hi    
[13] Bin         Obs         Exp         Pearson     N           effN       
[19] Like        Cum_obs     Cum_exp     SuprPer     Used        sex        
[25] YrSeasName  Lbin_range  Lbin_mid   
<0 rows> (or 0-length row.names)

$ghostagedbase
 [1] Yr          Seas        Yr.S        Fleet       Rep         Pick_gender
 [7] Kind        Part        Ageerr      Gender      Lbin_lo     Lbin_hi    
[13] Bin         Obs         Exp         Pearson     N           effN       
[19] Like        Cum_obs     Cum_exp     SuprPer     Used        sex        
[25] YrSeasName  Lbin_range  Lbin_mid   
<0 rows> (or 0-length row.names)

$ghostcondbase
 [1] Yr          Seas        Yr.S        Fleet       Rep         Pick_gender
 [7] Kind        Part        Ageerr      Gender      Lbin_lo     Lbin_hi    
[13] Bin         Obs         Exp         Pearson     N           effN       
[19] Like        Cum_obs     Cum_exp     SuprPer     Used        sex        
[25] YrSeasName  Lbin_range  Lbin_mid   
<0 rows> (or 0-length row.names)

$ghostlendbase
 [1] Yr          Seas        Yr.S        Fleet       Rep         Pick_gender
 [7] Kind        Part        Ageerr      Gender      Lbin_lo     Lbin_hi    
[13] Bin         Obs         Exp         Pearson     N           effN       
[19] Like        Cum_obs     Cum_exp     SuprPer     Used        sex        
[25] YrSeasName  Lbin_range  Lbin_mid   
<0 rows> (or 0-length row.names)

$ladbase
 [1] Yr          Seas        Yr.S        Fleet       Rep         Pick_gender
 [7] Kind        Part        Ageerr      Gender      Lbin_lo     Lbin_hi    
[13] Bin         Obs         Exp         Pearson     N           effN       
[19] Like        Cum_obs     Cum_exp     SuprPer     Used        sex        
[25] YrSeasName  Lbin_range  Lbin_mid   
<0 rows> (or 0-length row.names)

$wadbase
 [1] Yr          Seas        Yr.S        Fleet       Rep         Pick_gender
 [7] Kind        Part        Ageerr      Gender      Lbin_lo     Lbin_hi    
[13] Bin         Obs         Exp         Pearson     N           effN       
[19] Like        Cum_obs     Cum_exp     SuprPer     Used        sex        
[25] YrSeasName  Lbin_range  Lbin_mid   
<0 rows> (or 0-length row.names)

$tagdbase1
 [1] Yr          Seas        Yr.S        Fleet       Rep         Pick_gender
 [7] Kind        Part        Ageerr      Gender      Lbin_lo     Lbin_hi    
[13] Bin         Obs         Exp         Pearson     N           effN       
[19] Like        Cum_obs     Cum_exp     SuprPer     Used        sex        
[25] YrSeasName  Lbin_range  Lbin_mid   
<0 rows> (or 0-length row.names)

$tagdbase2
 [1] Yr          Seas        Yr.S        Fleet       Rep         Pick_gender
 [7] Kind        Part        Ageerr      Gender      Lbin_lo     Lbin_hi    
[13] Bin         Obs         Exp         Pearson     N           effN       
[19] Like        Cum_obs     Cum_exp     SuprPer     Used        sex        
[25] YrSeasName  Lbin_range  Lbin_mid   
<0 rows> (or 0-length row.names)

$age_comp_fit_table
[1] NA

$derived_quants
                            LABEL     Value    StdDev (Val-1.0)/Stddev
SPB_Virgin             SPB_Virgin 1.464e+05 1.515e+04               NA
SPB_Initial           SPB_Initial 1.464e+05 1.515e+04               NA
SPB_1950                 SPB_1950 1.464e+05 1.515e+04               NA
SPB_1951                 SPB_1951 1.464e+05 1.515e+04               NA
SPB_1952                 SPB_1952 1.464e+05 1.515e+04               NA
SPB_1953                 SPB_1953 1.461e+05 1.515e+04               NA
SPB_1954                 SPB_1954 1.452e+05 1.516e+04               NA
SPB_1955                 SPB_1955 1.444e+05 1.516e+04               NA
SPB_1956                 SPB_1956 1.427e+05 1.516e+04               NA
SPB_1957                 SPB_1957 1.416e+05 1.515e+04               NA
SPB_1958                 SPB_1958 1.407e+05 1.515e+04               NA
SPB_1959                 SPB_1959 1.383e+05 1.515e+04               NA
SPB_1960                 SPB_1960 1.350e+05 1.516e+04               NA
SPB_1961                 SPB_1961 1.330e+05 1.515e+04               NA
SPB_1962                 SPB_1962 1.273e+05 1.515e+04               NA
SPB_1963                 SPB_1963 1.250e+05 1.513e+04               NA
SPB_1964                 SPB_1964 1.220e+05 1.511e+04               NA
SPB_1965                 SPB_1965 1.198e+05 1.507e+04               NA
SPB_1966                 SPB_1966 1.184e+05 1.505e+04               NA
SPB_1967                 SPB_1967 1.154e+05 1.504e+04               NA
SPB_1968                 SPB_1968 1.129e+05 1.504e+04               NA
SPB_1969                 SPB_1969 1.109e+05 1.503e+04               NA
SPB_1970                 SPB_1970 1.102e+05 1.501e+04               NA
SPB_1971                 SPB_1971 1.100e+05 1.499e+04               NA
SPB_1972                 SPB_1972 1.108e+05 1.499e+04               NA
SPB_1973                 SPB_1973 1.095e+05 1.501e+04               NA
SPB_1974                 SPB_1974 1.063e+05 1.503e+04               NA
SPB_1975                 SPB_1975 1.049e+05 1.503e+04               NA
SPB_1976                 SPB_1976 1.061e+05 1.503e+04               NA
SPB_1977                 SPB_1977 1.068e+05 1.503e+04               NA
SPB_1978                 SPB_1978 1.074e+05 1.509e+04               NA
SPB_1979                 SPB_1979 1.057e+05 1.529e+04               NA
SPB_1980                 SPB_1980 1.016e+05 1.598e+04               NA
SPB_1981                 SPB_1981 1.001e+05 1.713e+04               NA
SPB_1982                 SPB_1982 1.006e+05 1.812e+04               NA
SPB_1983                 SPB_1983 9.935e+04 1.872e+04               NA
SPB_1984                 SPB_1984 9.633e+04 1.881e+04               NA
SPB_1985                 SPB_1985 9.525e+04 1.872e+04               NA
SPB_1986                 SPB_1986 9.425e+04 1.848e+04               NA
SPB_1987                 SPB_1987 9.389e+04 1.865e+04               NA
SPB_1988                 SPB_1988 9.597e+04 1.960e+04               NA
SPB_1989                 SPB_1989 9.478e+04 1.968e+04               NA
SPB_1990                 SPB_1990 8.885e+04 1.865e+04               NA
SPB_1991                 SPB_1991 7.849e+04 1.730e+04               NA
SPB_1992                 SPB_1992 7.051e+04 1.626e+04               NA
SPB_1993                 SPB_1993 6.416e+04 1.506e+04               NA
SPB_1994                 SPB_1994 5.778e+04 1.395e+04               NA
SPB_1995                 SPB_1995 5.719e+04 1.383e+04               NA
SPB_1996                 SPB_1996 5.439e+04 1.354e+04               NA
SPB_1997                 SPB_1997 5.268e+04 1.343e+04               NA
                    CumNorm
SPB_Virgin               NA
SPB_Initial              NA
SPB_1950                 NA
SPB_1951                 NA
SPB_1952                 NA
SPB_1953                 NA
SPB_1954                 NA
SPB_1955                 NA
SPB_1956                 NA
SPB_1957                 NA
SPB_1958                 NA
SPB_1959                 NA
SPB_1960                 NA
SPB_1961                 NA
SPB_1962                 NA
SPB_1963                 NA
SPB_1964                 NA
SPB_1965                 NA
SPB_1966                 NA
SPB_1967                 NA
SPB_1968                 NA
SPB_1969                 NA
SPB_1970                 NA
SPB_1971                 NA
SPB_1972                 NA
SPB_1973                 NA
SPB_1974                 NA
SPB_1975                 NA
SPB_1976                 NA
SPB_1977                 NA
SPB_1978                 NA
SPB_1979                 NA
SPB_1980                 NA
SPB_1981                 NA
SPB_1982                 NA
SPB_1983                 NA
SPB_1984                 NA
SPB_1985                 NA
SPB_1986                 NA
SPB_1987                 NA
SPB_1988                 NA
SPB_1989                 NA
SPB_1990                 NA
SPB_1991                 NA
SPB_1992                 NA
SPB_1993                 NA
SPB_1994                 NA
SPB_1995                 NA
SPB_1996                 NA
SPB_1997                 NA
 [ reached getOption("max.print") -- omitted 294 rows ]

$parameters
                                Num                           Label      Value
L_at_Amin_Fem_GP_1                1              L_at_Amin_Fem_GP_1  4.544e+01
L_at_Amax_Fem_GP_1                2              L_at_Amax_Fem_GP_1  1.140e+02
VonBert_K_Fem_GP_1                3              VonBert_K_Fem_GP_1  2.530e-01
CV_young_Fem_GP_1                 4               CV_young_Fem_GP_1  1.000e-01
CV_old_Fem_GP_1                   5                 CV_old_Fem_GP_1  1.000e-01
                                Active_Cnt Phase     Min    Max       Init
L_at_Amin_Fem_GP_1                      NA    -5   10.00   60.0  4.544e+01
L_at_Amax_Fem_GP_1                      NA    -5  100.00  150.0  1.140e+02
VonBert_K_Fem_GP_1                      NA    -5    0.01    0.4  2.530e-01
CV_young_Fem_GP_1                       NA    -5    0.01    0.3  1.000e-01
CV_old_Fem_GP_1                         NA    -5    0.01    0.3  1.000e-01
                                Status Parm_StDev  PR_type Prior Pr_SD
L_at_Amin_Fem_GP_1                <NA>         NA No_prior    NA    NA
L_at_Amax_Fem_GP_1                <NA>         NA No_prior    NA    NA
VonBert_K_Fem_GP_1                <NA>         NA No_prior    NA    NA
CV_young_Fem_GP_1                 <NA>         NA No_prior    NA    NA
CV_old_Fem_GP_1                   <NA>         NA No_prior    NA    NA
                                Prior_Like Value_again Value-1.96*SD
L_at_Amin_Fem_GP_1                      NA          NA            NA
L_at_Amax_Fem_GP_1                      NA          NA            NA
VonBert_K_Fem_GP_1                      NA          NA            NA
CV_young_Fem_GP_1                       NA          NA            NA
CV_old_Fem_GP_1                         NA          NA            NA
                                Value+1.96*SD  V_1% V_10% V_20% V_30% V_40%
L_at_Amin_Fem_GP_1                         NA    NA    NA    NA    NA    NA
L_at_Amax_Fem_GP_1                         NA    NA    NA    NA    NA    NA
VonBert_K_Fem_GP_1                         NA    NA    NA    NA    NA    NA
CV_young_Fem_GP_1                          NA    NA    NA    NA    NA    NA
CV_old_Fem_GP_1                            NA    NA    NA    NA    NA    NA
                                V_50% V_60% V_70% V_80% V_90% V_99%     P_val
L_at_Amin_Fem_GP_1                 NA    NA    NA    NA    NA    NA        NA
L_at_Amax_Fem_GP_1                 NA    NA    NA    NA    NA    NA        NA
VonBert_K_Fem_GP_1                 NA    NA    NA    NA    NA    NA        NA
CV_young_Fem_GP_1                  NA    NA    NA    NA    NA    NA        NA
CV_old_Fem_GP_1                    NA    NA    NA    NA    NA    NA        NA
                                  P_lowCI    P_hiCI   P_1% P_10% P_20% P_30%
L_at_Amin_Fem_GP_1                     NA        NA     NA    NA    NA    NA
L_at_Amax_Fem_GP_1                     NA        NA     NA    NA    NA    NA
VonBert_K_Fem_GP_1                     NA        NA     NA    NA    NA    NA
CV_young_Fem_GP_1                      NA        NA     NA    NA    NA    NA
CV_old_Fem_GP_1                        NA        NA     NA    NA    NA    NA
                                P_40% P_50% P_60% P_70% P_80% P_90%  P_99%
L_at_Amin_Fem_GP_1                 NA    NA    NA    NA    NA    NA     NA
L_at_Amax_Fem_GP_1                 NA    NA    NA    NA    NA    NA     NA
VonBert_K_Fem_GP_1                 NA    NA    NA    NA    NA    NA     NA
CV_young_Fem_GP_1                  NA    NA    NA    NA    NA    NA     NA
CV_old_Fem_GP_1                    NA    NA    NA    NA    NA    NA     NA
 [ reached getOption("max.print") -- omitted 509 rows ]

$FleetNames
 [1] "F1_LL1"     "F2_LL2"     "F3_LL3"     "F4_LL4"     "F5_DN3"    
 [6] "F6_DN4"     "F7_PS1"     "F8_Other1"  "F9_Other2"  "F10_Other3"
[11] "F11_Other4" "LLCPUE1"    "LLCPUE2"    "LLCPUE3"    "LLCPUE4"   
[16] "DNCPUE4"   

$repfiletime
[1] "Sun Apr  2 02:58:57 2017"

$SRRtype
[1] 3

$SS_version
[1] "SS-V3.24Z-safe;_05/18/2016;_Stock_Synthesis_by_Richard_Methot_(NOAA)_using_ADMB_11.2x64"

$SS_versionshort
[1] "SS-V3.24"

$SS_versionNumeric
[1] 3.24

$StartTime
[1] "StartTime: Sun Apr 2 02:58:57 2017"

$RunTime
[1] "1 hours, 34 minutes, 40 seconds."

$Files_used
[1] "Data_File: abt.dat Control_File: abt.ctl"

$Nwarnings
[1] NA

$warnings
[1] FALSE

$likelihoods_used
                         values lambdas
TOTAL                 7.228e+02      NA
Catch                 1.111e-12      NA
Equil_catch           0.000e+00       1
Survey               -2.163e+02      NA
Length_comp           9.392e+02      NA
Recruitment          -9.015e+00       1
Forecast_Recruitment  0.000e+00       1
Parm_priors           1.939e-01       1
Parm_softbounds       4.759e-03      NA
Parm_devs             8.732e+00       1
Crash_Pen             0.000e+00       1

$likelihoods_by_fleet
            Label        ALL    F1_LL1    F2_LL2    F3_LL3    F4_LL4    F5_DN3
99   Catch_lambda         NA 1.000e+00 1.000e+00 1.000e+00 1.000e+00 1.000e+00
100    Catch_like  1.111e-12 3.967e-14 3.997e-14 6.418e-14 6.266e-14 2.322e-14
101   Surv_lambda         NA 0.000e+00 0.000e+00 0.000e+00 0.000e+00 0.000e+00
102     Surv_like -2.163e+02 0.000e+00 0.000e+00 0.000e+00 0.000e+00 0.000e+00
103 Length_lambda         NA 1.000e+00 1.000e+00 1.000e+00 1.000e+00 1.000e+00
104   Length_like  9.392e+02 2.738e+02 1.961e+02 2.048e+02 2.005e+02 1.139e+00
       F6_DN4    F7_PS1 F8_Other1 F9_Other2 F10_Other3 F11_Other4 LLCPUE1
99  1.000e+00 1.000e+00 1.000e+00 1.000e+00  1.000e+00  1.000e+00     1.0
100 3.606e-14 1.644e-13 2.982e-13 2.949e-13  5.546e-14  3.219e-14     0.0
101 0.000e+00 0.000e+00 0.000e+00 0.000e+00  0.000e+00  0.000e+00     0.0
102 0.000e+00 0.000e+00 0.000e+00 0.000e+00  0.000e+00  0.000e+00    81.1
103 0.000e+00 1.000e+00 0.000e+00 0.000e+00  0.000e+00  0.000e+00     0.0
104 0.000e+00 6.284e+01 0.000e+00 0.000e+00  0.000e+00  0.000e+00     0.0
    LLCPUE2 LLCPUE3 LLCPUE4 DNCPUE4
99      1.0     1.0    1.00   1.000
100     0.0     0.0    0.00   0.000
101     0.0     1.0    1.00   1.000
102   131.9  -136.7  -74.61  -5.018
103     0.0     0.0    0.00   0.000
104     0.0     0.0    0.00   0.000

$Parm_devs_detail
[1] NA

$N_estimated_parameters
[1] 118

$table_of_phases

 -5  -4  -3  -2  -1   1   2   3   4   5 
  6 352  10   6  22   1   8   3  32   1 

$estimated_non_rec_devparameters
                                  Label      Value Phase Min Max   Init Status
SR_LN(R0)                     SR_LN(R0)  9.820e+00     1   5  15  10.06     OK
LnQ_base_12_LLCPUE1 LnQ_base_12_LLCPUE1 -1.000e+01     2 -20   3 -10.00     OK
LnQ_base_13_LLCPUE2 LnQ_base_13_LLCPUE2 -1.000e+01     2 -20   6 -10.00     OK
LnQ_base_14_LLCPUE3 LnQ_base_14_LLCPUE3 -1.024e+01     2 -20   6 -10.00     OK
LnQ_base_15_LLCPUE4 LnQ_base_15_LLCPUE4 -9.713e+00     2 -20   6 -10.00     OK
Q_dev_15y_2005_s_1   Q_dev_15y_2005_s_1  2.447e-01     4  -6   6   0.00     OK
Q_dev_15y_2005_s_2   Q_dev_15y_2005_s_2  1.838e-01     4  -6   6   0.00     OK
Q_dev_15y_2005_s_3   Q_dev_15y_2005_s_3 -1.685e-01     4  -6   6   0.00     OK
Q_dev_15y_2005_s_4   Q_dev_15y_2005_s_4 -8.012e-01     4  -6   6   0.00     OK
Q_dev_15y_2006_s_1   Q_dev_15y_2006_s_1 -3.549e-01     4  -6   6   0.00     OK
Q_dev_15y_2006_s_2   Q_dev_15y_2006_s_2  1.216e-02     4  -6   6   0.00     OK
Q_dev_15y_2006_s_3   Q_dev_15y_2006_s_3 -8.987e-02     4  -6   6   0.00     OK
Q_dev_15y_2007_s_2   Q_dev_15y_2007_s_2  1.423e-01     4  -6   6   0.00     OK
Q_dev_15y_2007_s_3   Q_dev_15y_2007_s_3  4.218e-03     4  -6   6   0.00     OK
Q_dev_15y_2007_s_4   Q_dev_15y_2007_s_4 -6.903e-01     4  -6   6   0.00     OK
Q_dev_15y_2008_s_2   Q_dev_15y_2008_s_2  1.858e-01     4  -6   6   0.00     OK
Q_dev_15y_2008_s_3   Q_dev_15y_2008_s_3 -5.881e-02     4  -6   6   0.00     OK
Q_dev_15y_2009_s_1   Q_dev_15y_2009_s_1 -1.126e-01     4  -6   6   0.00     OK
Q_dev_15y_2009_s_2   Q_dev_15y_2009_s_2  1.952e-01     4  -6   6   0.00     OK
                    Parm_StDev  PR_type Prior Pr_SD Prior_Like Afterbound
SR_LN(R0)            1.035e-01 No_prior    NA    NA         NA         OK
LnQ_base_12_LLCPUE1  3.834e+04 No_prior    NA    NA         NA         OK
LnQ_base_13_LLCPUE2  4.438e+04 No_prior    NA    NA         NA         OK
LnQ_base_14_LLCPUE3  1.701e-01 No_prior    NA    NA         NA         OK
LnQ_base_15_LLCPUE4  1.703e-01 No_prior    NA    NA         NA         OK
Q_dev_15y_2005_s_1   2.027e-01   Normal     0     3  3.326e-03         OK
Q_dev_15y_2005_s_2   2.033e-01   Normal     0     3  1.877e-03         OK
Q_dev_15y_2005_s_3   2.033e-01   Normal     0     3  1.578e-03         OK
Q_dev_15y_2005_s_4   2.024e-01   Normal     0     3  3.566e-02         OK
Q_dev_15y_2006_s_1   2.025e-01   Normal     0     3  6.997e-03         OK
Q_dev_15y_2006_s_2   2.033e-01   Normal     0     3  8.213e-06         OK
Q_dev_15y_2006_s_3   2.035e-01   Normal     0     3  4.487e-04         OK
Q_dev_15y_2007_s_2   2.037e-01   Normal     0     3  1.125e-03         OK
Q_dev_15y_2007_s_3   2.036e-01   Normal     0     3  9.883e-07         OK
Q_dev_15y_2007_s_4   2.026e-01   Normal     0     3  2.647e-02         OK
Q_dev_15y_2008_s_2   2.030e-01   Normal     0     3  1.918e-03         OK
Q_dev_15y_2008_s_3   2.030e-01   Normal     0     3  1.921e-04         OK
Q_dev_15y_2009_s_1   2.022e-01   Normal     0     3  7.044e-04         OK
Q_dev_15y_2009_s_2   2.024e-01   Normal     0     3  2.118e-03         OK
 [ reached getOption("max.print") -- omitted 26 rows ]

$maximum_gradient_component
[1] 6.762e-05

$sigma_R_in
[1] 0.6

$rmse_table
       ERA  N  RMSE RMSE_over_sigmaR mean_BiasAdj
4906  main 38 0.315           0.2756       0.7342
4907 early  0 0.000           0.0000       0.0000

$index_variance_tuning_check
       Fleet           Q   N r.m.s.e. Input+VarAdj+extra New_VarAdj
5370 LLCPUE1 4.54083e-05  98 0.441538                0.2   0.241538
5371 LLCPUE2 4.54148e-05  51 0.579315                0.2   0.379315
5372 LLCPUE3 3.58021e-05 128 0.208143                0.2   0.008143
5373 LLCPUE4 6.04797e-05  94  0.25546                0.2  0.0554595
5374 DNCPUE4 1.40289e-05   7 0.296122                0.3 -0.0038781

$Length_comp_Eff_N_tuning_check
     FleetName Fleet mean_effN mean(inputN*Adj) HarMean(effN) Mean(effN/inputN)
6011    F1_LL1     1     32.99            3.312        0.4938             8.815
6012    F2_LL2     2     16.76            2.997        1.8044             5.724
6013    F3_LL3     3     54.84            3.143        2.6224            14.816
6014    F4_LL4     4     52.45            3.501        0.9601            14.777
6015    F5_DN3     5     34.50            1.000       32.6611            34.505
6017    F7_PS1     7    150.72            4.554       59.5725            37.073
     MeaneffN/MeaninputN Var_Adj HarEffN/MeanInputN
6011               9.961     0.5             0.1491
6012               5.593     0.5             0.6021
6013              17.447     0.5             0.8343
6014              14.981     0.5             0.2743
6015              34.505     0.5            32.6611
6017              33.096     0.5            13.0815

$Age_comp_Eff_N_tuning_check
[1] FleetName           Fleet               mean_effN          
[4] mean(inputN*Adj)    HarMean(effN)       Mean(effN/inputN)  
[7] MeaneffN/MeaninputN Var_Adj             HarEffN/MeanInputN 
<0 rows> (or 0-length row.names)

$SBzero
[1] 146374

$current_depletion
[1] 0.3693

$last_years_SPR
[1] 0.342

$SPRratioLabel
[1] "(1-SPR)/(1-SPR_MSY)"

$last_years_SPRratio
[1] 0.8829

$logfile
      TempFile       Size
1 gradfil1.tmp          0
2 gradfil2.tmp          0
3 varssave.tmp          0
4  cmpdiff.tmp 1000000000

$RecrDistpars
                Num           Label Value Active_Cnt Phase Min Max Init Status
RecrDist_GP_1    19   RecrDist_GP_1     0         NA    -3  -4   4    0   <NA>
RecrDist_Area_1  20 RecrDist_Area_1     0         NA    -3  -5   5    0   <NA>
RecrDist_Seas_1  21 RecrDist_Seas_1    -9         NA    -4 -10  10   -9   <NA>
RecrDist_Seas_2  22 RecrDist_Seas_2    -9         NA    -4 -10  10   -9   <NA>
RecrDist_Seas_3  23 RecrDist_Seas_3    -9         NA    -4 -10  10   -9   <NA>
                Parm_StDev  PR_type Prior Pr_SD Prior_Like Value_again
RecrDist_GP_1           NA No_prior    NA    NA         NA          NA
RecrDist_Area_1         NA   Normal     0     0          0           0
RecrDist_Seas_1         NA No_prior    NA    NA         NA          NA
RecrDist_Seas_2         NA No_prior    NA    NA         NA          NA
RecrDist_Seas_3         NA No_prior    NA    NA         NA          NA
                Value-1.96*SD Value+1.96*SD V_1% V_10% V_20% V_30% V_40% V_50%
RecrDist_GP_1              NA            NA   NA    NA    NA    NA    NA    NA
RecrDist_Area_1             0             0 -4.9    -4    -3    -2    -1     0
RecrDist_Seas_1            NA            NA   NA    NA    NA    NA    NA    NA
RecrDist_Seas_2            NA            NA   NA    NA    NA    NA    NA    NA
RecrDist_Seas_3            NA            NA   NA    NA    NA    NA    NA    NA
                V_60% V_70% V_80% V_90% V_99% P_val P_lowCI P_hiCI P_1% P_10%
RecrDist_GP_1      NA    NA    NA    NA    NA    NA      NA     NA   NA    NA
RecrDist_Area_1     1     2     3     4   4.9   NaN     NaN    NaN  Inf   Inf
RecrDist_Seas_1    NA    NA    NA    NA    NA    NA      NA     NA   NA    NA
RecrDist_Seas_2    NA    NA    NA    NA    NA    NA      NA     NA   NA    NA
RecrDist_Seas_3    NA    NA    NA    NA    NA    NA      NA     NA   NA    NA
                P_20% P_30% P_40% P_50% P_60% P_70% P_80% P_90% P_99%
RecrDist_GP_1      NA    NA    NA    NA    NA    NA    NA    NA    NA
RecrDist_Area_1   Inf   Inf   Inf   NaN   Inf   Inf   Inf   Inf   Inf
RecrDist_Seas_1    NA    NA    NA    NA    NA    NA    NA    NA    NA
RecrDist_Seas_2    NA    NA    NA    NA    NA    NA    NA    NA    NA
RecrDist_Seas_3    NA    NA    NA    NA    NA    NA    NA    NA    NA
 [ reached getOption("max.print") -- omitted 1 row ]

$wtatage
         yr seas gender growpattern birthseas fleet       0       1      2
1     -1950    1      1           1         1     0 0.02341  1.9278  4.741
2     -1950    1      1           1         1    -1 0.05547  2.2222  5.153
3     -1950    1      1           1         2     0 0.02341  0.9850  3.951
4     -1950    1      1           1         2    -1 0.02341  1.4032  4.340
5     -1950    1      1           1         3     0 0.02341  0.4174  3.212
6     -1950    1      1           1         3    -1 0.02341  0.6605  3.574
7     -1950    1      1           1         4     0 0.02341  0.1268  2.535
8     -1950    1      1           1         4    -1 0.02341  0.2436  2.865
9     -1950    1      2           1         1     0 0.02341  2.4642  5.120
10    -1950    1      2           1         1    -1 0.06122  2.7502  5.504
11    -1950    1      2           1         2     0 0.02341  1.2388  4.384
           3      4      5      6      7      8      9     10     11     12
1      8.249 11.950 15.498 18.701 21.477 23.815 25.744 27.312 28.572 29.575
2      8.709 12.407 15.920 19.072 21.793 24.078 25.959 27.486 28.710 29.685
3      7.336 11.028 14.638 17.939 20.825 23.270 25.298 26.951 28.283 29.346
4      7.791 11.490 15.071 18.323 21.154 23.546 25.524 27.134 28.430 29.462
5      6.442 10.101 13.758 17.150 20.144 22.700 24.828 26.570 27.977 29.103
6      6.887 10.565 14.201 17.548 20.488 22.988 25.066 26.763 28.132 29.226
7      5.574  9.172 12.861 16.336 19.437 22.102 24.334 26.168 27.654 28.845
8      6.005  9.636 13.312 16.746 19.794 22.404 24.584 26.372 27.818 28.976
9      8.421 12.059 15.780 19.395 22.785 25.879 28.644 31.072 33.170 34.962
10     8.863 12.525 16.240 19.833 23.189 26.243 28.966 31.352 33.411 35.166
11     7.553 11.133 14.853 18.509 21.963 25.136 27.985 30.496 32.676 34.541
          13    14
1     30.369 31.58
2     30.456 31.63
3     30.188 31.47
4     30.280 31.53
5     29.996 31.36
6     30.093 31.42
7     29.792 31.24
8     29.895 31.30
9     36.475 39.39
10    36.647 39.50
11    36.121 39.17
 [ reached getOption("max.print") -- omitted 22937 rows ]

$inputs
$inputs$dir
[1] "../../../sa/run/"

$inputs$model
[1] "ss3"

$inputs$repfile
[1] "../../../sa/run//Report.sso"

$inputs$forecast
[1] FALSE

$inputs$warn
[1] FALSE

$inputs$covar
[1] FALSE

$inputs$verbose
[1] FALSE


